-59.9435 85.9133 
-57.1859 83.0706 
-60.327 85.4999 
-57.0971 82.5497 
-66.6994 73.3121 
-61.1357 85.1127 
-60.257 85.3829 
-60.6582 85.156 
-61.1354 85.1125 
-60.2563 85.3828 
-60.658 85.1562 
-61.1361 85.1073 
-60.2526 85.3787 
-60.6579 85.1552 
-61.1509 85.0735 
-60.2342 85.3549 
-60.6691 85.1565 
-61.1644 84.994 
-60.1666 85.3111 
-60.6574 85.1444 
-61.2002 84.8941 
-60.1133 85.2695 
-60.6507 85.1059 
-61.2461 84.79 
-60.0402 85.2157 
-60.6398 85.0544 
-61.3041 84.68 
-59.9727 85.1673 
-60.6261 85.0012 
-61.3676 84.5736 
-59.8965 85.1132 
-60.6161 84.9496 
-61.4502 85.7937 
-60.8666 85.9741 
-61.323 86.997 
-59.7025 85.6592 
-59.7237 85.8975 
-61.7806 75.8657 
-60.2939 85.3885 
-67.6622 89.3061 
-69.2121 76.4062 
-60.6685 85.9211 
-69.3397 76.3974 
-60.6447 85.5557 
-58.7543 88.9483 
-60.4806 85.7275 
-61.4403 84.8187 
-60.6543 85.2262 
-59.9435 85.9133 
-57.2219 83.0519 
-63.4253 79.9114 
-57.0971 82.5497 
-57.0942 82.5399 
-60.0221 83.3075 
-60.5602 82.9057 
-60.2705 83.0168 
-60.1051 83.3134 
-60.4874 83.0689 
-60.2648 83.1081 
-60.1683 83.3043 
-60.4304 83.1734 
-60.2652 83.1588 
-60.3276 83.2703 
-60.3276 83.2703 
-60.3276 83.2703 
-60.4301 83.2312 
-60.1731 83.3475 
-60.321 83.3574 
-60.4853 83.212 
-60.1271 83.3933 
-60.3213 83.3594 
-60.5443 83.1779 
-60.0746 83.4239 
-60.3211 83.3564 
-60.6078 83.1454 
-60.0176 83.445 
-60.3276 83.2703 
-60.6707 83.0922 
-59.9586 83.4582 
-60.2658 83.1698 
-61.4502 85.7937 
-60.8666 85.9741 
-61.323 86.997 
-59.7025 85.6592 
-59.7119 85.9228 
-61.5553 75.9289 
-60.4008 83.1841 
-60.0549 83.3909 
-61.2519 80.6612 
-60.0618 83.3872 
-61.2098 80.7871 
-60.2895 83.1282 
-60.2893 83.1177 
-60.2889 83.1177 
-60.5135 83.1288 
-60.3197 83.3188 
-60.1268 86.0416 
-57.1958 83.0762 
-60.5721 85.4717 
-57.0971 82.5497 
-67.3525 73.7212 
-60.9021 85.2232 
-60.4793 85.359 
-60.6582 85.156 
-60.9021 85.2231 
-60.4789 85.3588 
-60.658 85.1562 
-60.9045 85.2161 
-60.475 85.3547 
-60.6579 85.1552 
-60.9284 85.176 
-60.4568 85.3365 
-60.6691 85.1565 
-60.9649 85.0843 
-60.374 85.2974 
-60.6574 85.1444 
-61.0243 84.9826 
-60.3081 85.2598 
-60.6507 85.1059 
-61.0887 84.8695 
-60.2208 85.2116 
-60.6398 85.0544 
-61.1631 84.7401 
-60.1391 85.1646 
-60.6261 85.0012 
-61.2413 84.6104 
-60.0468 85.1126 
-60.6161 84.9496 
-61.4502 85.7937 
-60.8666 85.9741 
-61.323 86.997 
-59.7025 85.6592 
-59.7079 85.89 
-61.7232 75.9335 
-60.5191 85.3649 
-65.7467 89.4381 
-69.4653 76.5034 
-60.5028 85.9915 
-69.5897 76.523 
-60.6746 85.5315 
-58.9136 88.5838 
-60.5333 85.7016 
-61.2932 84.9204 
-60.6615 85.2203 
-60.1404 86.3839 
-61.2606 85.9247 
-61.2606 85.9247 
-73.2389 85.5277 
-73.2011 82.0458 
-61.4502 85.7937 
-61.2606 85.9247 
-61.178 85.76 
-61.4502 85.7937 
-61.2606 85.9247 
-61.178 85.76 
-61.4502 85.7937 
-61.2606 85.9247 
-61.178 85.76 
-61.4502 85.7937 
-61.2606 85.9247 
-61.178 85.76 
-61.4502 85.7937 
-61.2606 85.9247 
-61.178 85.76 
-61.4502 85.7937 
-61.2606 85.9247 
-61.178 85.76 
-61.4502 85.7937 
-61.2606 85.9247 
-61.178 85.76 
-61.4502 85.7937 
-61.2606 85.9247 
-61.178 85.76 
-61.4502 85.7937 
-61.2606 85.9247 
-61.178 85.76 
-61.4502 85.7937 
-60.8666 85.9741 
-61.323 86.997 
-63.6521 86.6061 
-59.7015 87.1576 
-59.3996 76.8256 
-61.2606 85.9247 
-67.7713 89.367 
-60.8446 85.8802 
-60.952 85.9927 
-60.7996 85.885 
-60.8602 85.8157 
-59.2103 89.373 
-60.6933 86.0265 
-61.483 85.6007 
-60.8431 85.8317 
-60.1245 86.0425 
-57.1859 83.0706 
-60.327 85.4999 
-57.0971 82.5497 
-66.6994 73.3121 
-61.1355 85.1126 
-60.2572 85.3828 
-60.658 85.1561 
-61.1353 85.1124 
-60.2562 85.383 
-60.6583 85.156 
-61.1363 85.1075 
-60.2531 85.3781 
-60.6578 85.1552 
-61.1471 85.0707 
-60.2304 85.353 
-60.6644 85.1563 
-61.1645 84.9939 
-60.1664 85.3113 
-60.6575 85.1443 
-61.1999 84.8939 
-60.1134 85.2694 
-60.6508 85.1059 
-61.246 84.7903 
-60.0404 85.2157 
-60.6402 85.0542 
-61.3035 84.6797 
-59.9725 85.1674 
-60.6255 85.0015 
-61.3678 84.5735 
-59.8962 85.1135 
-60.6165 84.9495 
-61.4502 85.7937 
-60.8666 85.9741 
-61.323 86.997 
-59.7025 85.6592 
-59.7237 85.8975 
-61.7806 75.8657 
-61.2606 85.9247 
-67.6587 89.3612 
-60.645 85.1764 
-61.0073 85.3577 
-60.6443 85.1781 
-60.6593 85.1977 
-58.7238 89.0174 
-60.489 85.719 
-61.4402 84.8187 
-60.6732 85.3991 
-59.9385 85.9149 
-57.1859 83.0706 
-60.327 85.4999 
-57.0971 82.5497 
-66.6994 73.3121 
-61.1472 84.9351 
-60.1488 85.2539 
-60.6254 85.0793 
-61.385 84.1652 
-59.6731 84.7488 
-60.5106 84.5043 
-61.6356 83.4829 
-59.2433 84.3709 
-60.4079 83.8744 
-61.866 82.9327 
-58.9156 84.0794 
-60.3112 83.2673 
-62.0254 82.4523 
-58.625 83.8679 
-60.1884 82.7343 
-62.1799 82.059 
-58.3995 83.703 
-60.1013 82.2947 
-62.3491 81.7347 
-58.2182 83.574 
-59.9995 81.8964 
-62.4627 81.4884 
-58.0667 83.4741 
-59.9008 81.5693 
-62.5787 81.252 
-57.9281 83.3925 
-59.7793 81.265 
-61.4502 85.7937 
-60.8666 85.9741 
-61.323 86.997 
-59.7025 85.6592 
-59.7237 85.8975 
-61.7806 75.8657 
-61.2606 85.9247 
-68.1045 88.6428 
-60.2563 83.3315 
-61.7663 83.0306 
-60.2544 83.3317 
-60.3169 83.4166 
-58.213 88.5551 
-60.3326 85.4434 
-62.2627 81.7406 
-59.6861 83.7622 
-60.0656 85.9822 
-57.2219 83.0519 
-63.4253 79.9114 
-57.0971 82.5497 
-57.0971 82.5497 
-60.2296 84.4574 
-60.7644 84.1866 
-60.4855 84.3306 
-60.3338 84.4811 
-60.6662 84.3287 
-60.4975 84.4218 
-60.4309 84.4996 
-60.5811 84.4394 
-60.5073 84.4724 
-60.5114 84.5035 
-60.5106 84.5041 
-60.5111 84.504 
-60.5891 84.4929 
-60.444 84.5509 
-60.5146 84.525 
-60.654 84.4685 
-60.3768 84.581 
-60.5161 84.5293 
-60.7232 84.4322 
-60.3113 84.596 
-60.5146 84.522 
-60.7877 84.3734 
-60.2404 84.5996 
-60.5109 84.504 
-60.8447 84.3181 
-60.1761 84.5923 
-60.5076 84.4805 
-61.4502 85.7937 
-60.8666 85.9741 
-61.323 86.997 
-59.7025 85.6592 
-59.7119 85.9228 
-61.5553 75.9289 
-77.2094 83.2218 
-60.2418 84.5629 
-60.4988 84.5107 
-60.4376 84.5338 
-60.4991 84.5109 
-60.5106 84.4945 
-60.4976 84.3776 
-60.4974 84.3772 
-60.7246 84.3618 
-60.5198 84.5539 
-63.8764 86.1036 
-63.9135 85.9348 
-61.6179 85.0653 
-61.5759 85.0277 
-68.2517 80.8516 
-68.3076 80.3984 
-77.1941 83.242 
-77.1065 83.3588 
-60.8171 86.6677 
-60.8198 86.6272 
-67.4552 86.1186 
-68.509 86.095 
-61.0726 85.2667 
-61.0519 85.2255 
-60.5753 85.8693 
-60.5757 85.8305 
-60.4305 86.4019 
-60.4142 86.4981 
-63.4438 93.3203 
-60.7992 82.9265 
-59.8258 83.4871 
-63.7024 83.3923 
-64.1667 82.6788 
-67.5667 84.2707 
-67.8142 83.8886 
-54.5816 78.0412 
-57.0692 82.5594 
-57.0692 82.5594 

