0.345141 0.971103 
0.692218 -3.38936 
1.05346 1.09407 
0.149742 -3.68217 
-6.45227 -9.05202 
1.98651 1.6468 
1.14243 0.983128 
1.65097 1.21918 
1.98762 1.64211 
1.13427 0.984222 
1.64946 1.21613 
1.98983 1.64491 
1.13385 0.974403 
1.65401 1.21639 
2.01283 1.63291 
1.13928 0.941537 
1.64329 1.2115 
2.10572 1.61611 
1.13349 0.865732 
1.67582 1.19593 
2.20061 1.60031 
1.14462 0.795597 
1.70179 1.16252 
2.30735 1.58367 
1.14198 0.697892 
1.73748 1.11972 
2.40918 1.56651 
1.12585 0.62491 
1.78585 1.06831 
2.52949 1.56264 
1.1296 0.522648 
1.84099 1.01846 
0.943343 1.98262 
1.21261 2.02217 
0.519318 2.95409 
0.230911 0.537156 
0.144914 0.766131 
-7.28269 -0.268284 
1.10779 0.996535 
-5.30565 5.17275 
1.54545 12.1197 
1.61925 2.05739 
2.31379 12.1819 
1.6282 1.69298 
4.2968 4.62445 
1.78577 1.94751 
2.48189 1.83597 
1.60514 1.28099 
0.356651 0.990559 
0.755443 -3.3754 
6.96636 0.553945 
0.149855 -3.66779 
0.15655 -3.68945 
2.43837 -0.661575 
3.19234 -0.356609 
2.86008 -0.586098 
2.50586 -0.581915 
3.01468 -0.356931 
2.79739 -0.538199 
2.56085 -0.521281 
2.87617 -0.348812 
2.75396 -0.50936 
2.66763 -0.419853 
2.66331 -0.423187 
2.66457 -0.429838 
2.83679 -0.323756 
2.53139 -0.497466 
2.65554 -0.343548 
2.89848 -0.277744 
2.46107 -0.519881 
2.64823 -0.335744 
2.98184 -0.254425 
2.38781 -0.555536 
2.66765 -0.331669 
3.05419 -0.199679 
2.33244 -0.588888 
2.67345 -0.422842 
3.14007 -0.182979 
2.27587 -0.645747 
2.7399 -0.505499 
0.961239 1.98806 
1.196 2.01197 
0.513237 2.94884 
0.240412 0.553097 
0.154368 0.730472 
-7.23759 -0.0667953 
2.61702 -0.529795 
2.41213 -0.590551 
5.36193 -0.722304 
2.40771 -0.588455 
5.23741 -0.729846 
2.81274 -0.500389 
2.81442 -0.504189 
2.80743 -0.511842 
2.974 -0.298518 
2.6824 -0.359256 
1.77752 2.35063 
0.71782 -3.38043 
1.31558 1.36506 
0.14716 -3.6842 
-7.49377 -8.02921 
1.78607 1.51128 
1.32365 1.18036 
1.65406 1.21824 
1.7837 1.5145 
1.32581 1.17922 
1.65307 1.22026 
1.79279 1.51055 
1.33669 1.17675 
1.65311 1.21804 
1.821 1.49909 
1.31646 1.14867 
1.64777 1.21313 
1.92427 1.46701 
1.32538 1.05532 
1.6757 1.19804 
2.05098 1.45096 
1.32157 0.967707 
1.69889 1.16272 
2.17267 1.43709 
1.31604 0.859315 
1.73824 1.11738 
2.30767 1.4333 
1.29783 0.753476 
1.78541 1.07103 
2.44822 1.42508 
1.26968 0.644537 
1.8408 1.01617 
0.936919 1.98353 
1.21076 2.02979 
0.501796 2.94175 
0.228614 0.553546 
0.153243 0.754919 
-7.23204 -0.21298 
1.30556 1.2058 
-3.9165 4.90255 
1.83906 12.2558 
1.64701 2.12 
2.36375 12.2824 
1.66347 1.68689 
3.85328 4.40695 
1.83074 1.97511 
2.34091 1.76446 
1.61526 1.27834 
0.326066 1.83746 
0.741341 1.75359 
0.735131 1.76798 
-10.5566 3.48119 
-10.2358 5.41649 
0.952412 1.98756 
0.742539 1.76435 
1.03884 1.7787 
0.947085 1.9945 
0.737161 1.75145 
1.03291 1.77691 
0.949519 1.97211 
0.740535 1.76181 
1.02902 1.77917 
0.943603 1.98441 
0.7458 1.77565 
1.0315 1.78415 
0.955849 1.99544 
0.735797 1.74913 
1.02843 1.77349 
0.956084 1.98434 
0.741727 1.76346 
1.02955 1.77346 
0.939133 1.97276 
0.739209 1.75057 
1.02993 1.77843 
0.95524 1.99003 
0.734615 1.75008 
1.03458 1.77856 
0.94574 1.97905 
0.739605 1.75906 
1.02553 1.7737 
0.953354 1.98413 
1.20605 2.01297 
0.524362 2.95679 
-1.76051 1.87002 
-0.33457 2.42545 
-4.63321 6.33319 
0.730305 1.73954 
-5.39612 5.20743 
1.27887 1.91652 
1.28387 2.13449 
1.31509 1.92368 
1.43822 1.97542 
3.75876 5.1334 
1.51286 2.19864 
1.76724 2.18971 
1.41687 1.96235 
1.79019 2.34821 
0.656239 -3.39284 
1.03996 1.10045 
0.138882 -3.66268 
-6.45907 -9.03463 
1.98225 1.64885 
1.134 0.987481 
1.65411 1.21617 
1.98475 1.65067 
1.1353 0.977867 
1.65229 1.21735 
1.98667 1.65576 
1.14456 0.982097 
1.65248 1.21295 
2.01977 1.62493 
1.14203 0.948682 
1.64697 1.2104 
2.10439 1.61386 
1.14413 0.865076 
1.67504 1.19414 
2.19407 1.59755 
1.13549 0.791897 
1.69849 1.16692 
2.30268 1.57998 
1.13617 0.70856 
1.74387 1.11577 
2.41848 1.57503 
1.13629 0.617732 
1.78432 1.0707 
2.5271 1.55788 
1.11614 0.523971 
1.8415 1.01977 
0.949007 1.99496 
1.20813 2.01411 
0.486968 2.92485 
0.22829 0.549871 
0.156436 0.773227 
-7.28094 -0.287067 
0.738863 1.74685 
-5.38471 5.14861 
1.63325 1.2136 
1.80846 1.70532 
1.63335 1.21617 
1.63287 1.25632 
4.29631 4.68418 
1.78298 1.94586 
2.47139 1.82453 
1.57348 1.46326 
0.35269 0.964667 
0.673685 -3.39025 
1.0506 1.10042 
0.137457 -3.66856 
-6.44363 -9.0801 
2.14164 1.58505 
1.13358 0.785979 
1.65257 1.13775 
2.87646 1.27697 
1.14096 0.00259843 
2.00734 0.606842 
3.53439 1.01806 
1.10707 -0.64625 
2.36336 0.0669899 
4.03432 0.862775 
1.01011 -1.12987 
2.69813 -0.418526 
4.4634 0.720588 
1.00706 -1.54489 
2.99683 -0.8458 
4.82772 0.614353 
0.93783 -1.84838 
3.22859 -1.20498 
5.14044 0.537812 
0.928443 -2.11564 
3.44747 -1.55651 
5.3564 0.48899 
0.875513 -2.32113 
3.62152 -1.84498 
5.59153 0.571973 
0.893464 -2.50256 
3.78711 -2.14637 
0.951518 1.97932 
1.21322 2.02299 
0.50433 2.94779 
0.232473 0.545248 
0.183545 0.740013 
-7.29419 -0.256207 
0.741174 1.75141 
-5.65346 4.70057 
2.61387 -0.430241 
3.95914 0.827671 
2.61788 -0.425332 
2.6081 -0.301529 
4.74384 4.29822 
1.78024 1.57369 
5.1229 0.718628 
3.18843 0.438361 
0.410885 1.1851 
0.777024 -3.39583 
6.99355 0.491473 
0.143906 -3.67137 
0.175514 -3.68439 
1.83341 0.319339 
2.44252 0.66244 
2.12529 0.481009 
1.88667 0.424812 
2.26157 0.652132 
2.06112 0.543105 
1.95101 0.529299 
2.11115 0.634662 
2.02631 0.578921 
2.01143 0.605754 
2.00502 0.606177 
2.00467 0.604441 
2.07723 0.673884 
1.9251 0.570489 
1.99245 0.619945 
2.14537 0.728488 
1.83859 0.530129 
1.99495 0.626015 
2.23082 0.771486 
1.78151 0.478984 
1.99632 0.620814 
2.31349 0.802727 
1.72788 0.415598 
2.00679 0.604254 
2.39459 0.82811 
1.68642 0.351736 
2.02915 0.589613 
0.949411 1.97951 
1.20637 2.02826 
0.512654 2.95471 
0.233581 0.531441 
0.145234 0.758832 
-7.23467 -0.0340945 
-14.599 4.833 
1.76338 0.384271 
1.99708 0.600351 
1.93412 0.554952 
1.99766 0.604025 
2.01794 0.601357 
2.1027 0.524932 
2.10574 0.525838 
2.27532 0.732593 
1.97675 0.644862 
-1.9692 1.29053 
-1.95168 1.14935 
0.430383 0.421637 
0.470485 0.431238 
-2.22265 8.21686 
-2.97546 7.97717 
-14.6007 4.82416 
-14.4892 4.80909 
-0.167226 1.41902 
-0.125683 1.33005 
-5.28877 1.49443 
-6.09376 2.20691 
1.90673 1.73918 
1.89957 1.67184 
1.49542 1.92979 
1.46333 1.85881 
1.58063 2.68427 
1.45921 2.75085 
7.11477 7.89517 
2.01575 -1.04694 
1.97296 -0.826044 
5.31232 2.33374 
-1.84515 -2.16225 
-4.96807 -1.83845 
-4.81906 -2.86713 
4.18344 -8.11728 
0.203037 -3.70761 
0.157052 -3.68801 
