


0 0.723221 
0.0351892 0.441729 
0.0401185 0.619319 
0.0548531 0.475971 
0.172773 0.621324 
0.195745 0.172226 
0.195764 0.172186 
0.196 0.17256 
0.205317 0.688486 
0.208942 0.413692 
0.234228 0.161278 
0.24859 0.879631 
0.248755 0.879336 
0.321215 0.845968 
0.33056 0.839482 
0.340274 0.83318 
0.345589 0.833099 
0.351941 0.824777 
0.364201 0.813704 
0.376643 0.798866 
0.380169 0.66734 
0.380876 0.797481 
0.381813 0.695269 
0.38187 0.69518 
0.381934 0.695175 
0.381952 0.695241 
0.381987 0.695316 
0.382061 0.69524 
0.382733 0.662172 
0.390974 0.780905 
0.397045 0.89107 
0.401038 0.72906 
0.401099 0.729051 
0.405017 0.756378 
0.407221 0.670916 
0.407257 0.726932 
0.407404 0.672397 
0.407768 0.7389 
0.407781 0.738844 
0.410968 0.691359 
0.411246 0.734515 
0.411315 0.734631 
0.414445 0.730373 
0.414498 0.730357 
0.414831 0.739928 
0.41575 0.684835 
0.416281 0.687653 
0.417121 0.726098 
0.417201 0.726182 
0.417611 0.697093 
0.418768 0.724178 
0.418993 0.735495 
0.419517 0.721805 
0.419591 0.721764 
0.420627 0.695449 
0.420792 0.681855 
0.421415 0.718309 
0.421426 0.708243 
0.42148 0.695569 
0.421539 0.718001 
0.422188 0.7167 
0.422264 0.71679 
0.422339 0.716239 
0.422342 0.716276 
0.422416 0.716193 
0.42242 0.716302 
0.422511 0.641347 
0.422511 0.641347 
0.422511 0.641347 
0.422511 0.641347 
0.422511 0.641347 
0.422511 0.641347 
0.422511 0.641347 
0.42275 0.730821 
0.422928 0.709892 
0.424883 0.708579 
0.426336 0.726031 
0.427636 0.679532 
0.427753 0.713513 
0.428478 0.687614 
0.429435 0.721061 
0.431088 0.689632 
0.432152 0.715996 
0.432962 0.714465 
0.43333 0.713961 
0.43335 0.713839 
0.433948 0.678768 
0.433952 0.803938 
0.433959 0.678759 
0.433974 0.678761 
0.433975 0.67875 
0.433979 0.678755 
0.433987 0.678773 
0.433989 0.678741 
0.435064 0.754729 
0.435601 0.688915 
0.436346 0.700353 
0.436417 0.70139 
0.436712 0.686014 
0.438468 0.761073 
0.438481 0.752868 
0.438554 0.687114 
0.442176 0.806303 
0.442242 0.751168 
0.442276 0.753365 
0.443969 0.6711 
0.443979 0.671119 
0.443983 0.671106 
0.443985 0.671102 
0.443986 0.671119 
0.443988 0.671092 
0.443997 0.671113 
0.444 0.671095 
0.444003 0.671119 
0.444011 0.671119 
0.444012 0.671115 
0.444013 0.671117 
0.444019 0.671133 
0.444021 0.671136 
0.444026 0.671121 
0.444028 0.67114 
0.444681 0.707559 
0.444851 0.755565 
0.445892 0.804195 
0.446005 0.749951 
0.446181 0.813386 
0.446309 0.714417 
0.446319 0.713901 
0.446401 0.715745 
0.446806 0.717256 
0.446819 0.717158 
0.446828 0.717118 
0.446833 0.717139 
0.446841 0.717276 
0.446877 0.717281 
0.446885 0.717186 
0.446903 0.717188 
0.446939 0.717096 
0.447191 0.717711 
0.447199 0.717453 
0.447207 0.717449 
0.44732 0.719103 
0.447346 0.719103 
0.447365 0.719099 
0.447579 0.721124 
0.447595 0.721103 
0.447621 0.721124 
0.447831 0.716647 
0.447994 0.723809 
0.448003 0.723792 
0.448027 0.723851 
0.448322 0.726991 
0.448355 0.727017 
0.448365 0.726954 
0.448439 0.730491 
0.448485 0.730478 
0.448499 0.730529 
0.448863 0.680849 
0.44887 0.680843 
0.448876 0.680836 
0.44889 0.680846 
0.4489 0.680824 
0.448904 0.68084 
0.448911 0.680826 
0.448921 0.680844 
0.448922 0.680836 
0.449283 0.721461 
0.449433 0.802527 
0.449832 0.751397 
0.450072 0.749034 
0.450939 0.803491 
0.45178 0.806657 
0.452855 0.702734 
0.45306 0.800905 
0.454216 0.748008 
0.454225 0.746964 
0.454291 0.748721 
0.454298 0.753517 
0.4543 0.747773 
0.45432 0.747917 
0.454346 0.74906 
0.454356 0.748747 
0.45439 0.748738 
0.454395 0.748704 
0.454401 0.748751 
0.454422 0.750223 
0.454548 0.749799 
0.454699 0.756309 
0.454747 0.752611 
0.455255 0.748588 
0.456052 0.802104 
0.456303 0.799893 
0.458505 0.746948 
0.458623 0.74783 
0.458654 0.671798 
0.458686 0.671718 
0.458687 0.671789 
0.458689 0.671764 
0.458696 0.67175 
0.458696 0.67177 
0.458715 0.671763 
0.458725 0.671767 
0.458727 0.67177 
0.458737 0.671746 
0.458739 0.67176 
0.458757 0.708715 
0.458766 0.671753 
0.458772 0.671749 
0.458779 0.671741 
0.45881 0.708787 
0.458952 0.775085 
0.459055 0.749021 
0.459169 0.709199 
0.459682 0.707507 
0.460678 0.709947 
0.461828 0.797049 
0.462232 0.795489 
0.46224 0.745848 
0.462279 0.795605 
0.462385 0.795351 
0.462424 0.793289 
0.462517 0.804137 
0.462588 0.803664 
0.462754 0.808853 
0.463174 0.798506 
0.463345 0.712713 
0.463437 0.804794 
0.463514 0.522866 
0.463586 0.797918 
0.463611 0.797847 
0.46365 0.797866 
0.463665 0.797968 
0.463685 0.797782 
0.46371 0.802604 
0.463745 0.802236 
0.464115 0.749865 
0.465466 0.796572 
0.465881 0.745298 
0.466152 0.715273 
0.467125 0.800156 
0.4672 0.819631 
0.469324 0.745146 
0.469544 0.751444 
0.469641 0.717922 
0.469955 0.700801 
0.469979 0.700717 
0.469999 0.700882 
0.470043 0.795864 
0.470132 0.797854 
0.471115 0.70747 
0.471116 0.707276 
0.471191 0.70743 
0.471206 0.838153 
0.471214 0.707404 
0.471455 0.707811 
0.471498 0.707804 
0.472151 0.706157 
0.472631 0.708599 
0.472664 0.708911 
0.47289 0.745371 
0.473086 0.794283 
0.473717 0.720389 
0.473986 0.797928 
0.474782 0.711041 
0.474833 0.711048 
0.474877 0.854672 
0.475905 0.805444 
0.476585 0.793276 
0.476601 0.794847 
0.477091 0.713004 
0.477096 0.713178 
0.477747 0.60326 
0.477807 0.722685 
0.477956 0.7135 
0.478342 0.7986 
0.478947 0.869095 
0.479877 0.792659 
0.479926 0.715622 
0.480063 0.715481 
0.480108 0.526099 
0.482866 0.717947 
0.482945 0.717872 
0.483091 0.882841 
0.483288 0.79235 
0.484237 0.527355 
0.48604 0.72016 
0.486054 0.72021 
0.489842 0.785978 
0.500594 0.736058 
0.500896 0.378013 
0.503541 0.781165 
0.50441 0.671075 
0.504502 0.671018 
0.504589 0.67091 
0.505081 0.768876 
0.50555 0.671881 
0.506466 0.672937 
0.506473 0.672905 
0.507478 0.691282 
0.508671 0.689086 
0.514961 0.768251 
0.521821 0.753555 
0.526288 0.335654 
0.529151 0.76009 
0.536489 0.753549 
0.539506 0.767119 
0.552897 0.779405 
0.563936 0.788272 
0.566238 0.445733 
0.573714 0.795414 
0.579113 0.134605 
0.581161 0.800194 
0.587931 0.805717 
0.598717 0.463778 
0.602364 0.637944 
0.616952 0.691482 
0.622835 0.634709 
0.627131 0.831719 
0.627344 0.831653 
0.627371 0.831638 
0.628864 0.828856 
0.629595 0.828339 
0.629788 0.828262 
0.6512 0.663633 
0.657169 0.816278 
0.657309 0.816281 
0.657319 0.816357 
0.657334 0.816279 
0.657379 0.816205 
0.657412 0.816104 
0.657493 0.816151 
0.657769 0.81686 
0.668525 0.161051 
0.674903 0.00877366 
0.675979 0.00195461 
0.675994 0.00208935 
0.676109 0 
0.676187 0.00243299 
0.678453 0.0104832 
0.678837 0.0121264 
0.685028 0.729175 
0.694 0.396804 
0.703668 0.722209 
0.709985 0.579561 
0.71277 0.400395 
0.735377 0.723768 
0.910853 0.723222 
0.99959 0.542382 
1 0.534576 
