0 0.32685 
0.00347132 0.318198 
0.188251 0.925515 
0.188281 0.927214 
0.189426 0.937085 
0.189523 0.937463 
0.190247 0.940541 
0.190661 0.938218 
0.191178 0.929973 
0.19229 0.412336 
0.210659 0 
0.211767 0.765881 
0.274027 0.262226 
0.292235 0.561751 
0.297763 0.821134 
0.302912 0.505136 
0.341393 0.159198 
0.383689 0.509867 
0.391057 0.361941 
0.399198 0.518179 
0.402513 0.378586 
0.408054 0.385042 
0.442451 0.241127 
0.461747 0.667211 
0.477688 0.681937 
0.499538 0.296947 
0.499549 0.296936 
0.501032 0.298793 
0.501037 0.298787 
0.501041 0.298823 
0.501464 0.300257 
0.5123 0.313578 
0.512332 0.313582 
0.512345 0.313572 
0.512347 0.313545 
0.512363 0.31354 
0.512368 0.313569 
0.51669 0.19458 
0.516695 0.19459 
0.516697 0.194578 
0.516697 0.194587 
0.516698 0.194585 
0.516705 0.194583 
0.516705 0.194587 
0.518415 0.266526 
0.519228 0.437284 
0.520376 0.254085 
0.520376 0.254086 
0.520377 0.25409 
0.520379 0.254075 
0.520381 0.254079 
0.520381 0.254079 
0.520383 0.254081 
0.520384 0.254081 
0.520384 0.254087 
0.520384 0.25408 
0.520385 0.254078 
0.520385 0.254089 
0.520387 0.254078 
0.520387 0.254084 
0.520389 0.254089 
0.520393 0.254087 
0.525085 0.31859 
0.525704 0.240699 
0.525705 0.240702 
0.525709 0.240705 
0.52571 0.240709 
0.525712 0.240705 
0.525712 0.240715 
0.525713 0.240702 
0.525714 0.240719 
0.525715 0.240711 
0.525715 0.240712 
0.525716 0.240714 
0.525716 0.240719 
0.525717 0.240701 
0.525722 0.24071 
0.527444 0.317651 
0.532873 0.247428 
0.532874 0.247415 
0.532876 0.24742 
0.532877 0.247419 
0.532877 0.247424 
0.532877 0.247432 
0.532878 0.247425 
0.532879 0.247427 
0.532881 0.247426 
0.534962 0.223288 
0.536085 0.225726 
0.540844 0.46339 
0.541006 0.233 
0.541582 0.22292 
0.541583 0.222916 
0.541587 0.222916 
0.541588 0.222916 
0.541597 0.222916 
0.5416 0.222896 
0.541602 0.222907 
0.541781 0.297003 
0.541866 0.297067 
0.542143 0.234794 
0.542663 0.269518 
0.544344 0.290375 
0.544427 0.228404 
0.545105 0.269821 
0.547907 0.263111 
0.548125 0.274819 
0.548171 0.274787 
0.548176 0.274808 
0.54818 0.274753 
0.548473 0.275367 
0.548485 0.275327 
0.548845 0.276994 
0.548967 0.277107 
0.549027 0.21521 
0.54944 0.197699 
0.550264 0.280252 
0.550277 0.280242 
0.550808 0.195957 
0.551542 0.284521 
0.551957 0.285335 
0.551957 0.285346 
0.553277 0.218833 
0.553361 0.290458 
0.553369 0.290504 
0.553616 0.22535 
0.553634 0.239933 
0.553686 0.224603 
0.554259 0.22114 
0.554564 0.296367 
0.554658 0.296342 
0.555161 0.26399 
0.555229 0.263964 
0.555457 0.238482 
0.555479 0.264719 
0.555687 0.266971 
0.55589 0.302381 
0.555933 0.302372 
0.557296 0.270759 
0.558022 0.274845 
0.558509 0.220495 
0.55867 0.250381 
0.559051 0.277512 
0.559699 0.243123 
0.55983 0.209435 
0.559847 0.283519 
0.560505 0.175714 
0.560508 0.290017 
0.561273 0.296508 
0.563824 0.255723 
0.564337 0.255695 
0.565233 0.256327 
0.566455 0.257251 
0.566456 0.257243 
0.566465 0.257267 
0.566474 0.25725 
0.56648 0.257233 
0.566481 0.257226 
0.566522 0.257264 
0.566527 0.257275 
0.566543 0.257271 
0.566741 0.257775 
0.566744 0.257773 
0.566946 0.243619 
0.566987 0.255978 
0.566994 0.257664 
0.567663 0.3206 
0.567758 0.243833 
0.56785 0.2438 
0.567916 0.17715 
0.568369 0.258304 
0.568375 0.258306 
0.568408 0.258289 
0.568499 0.243808 
0.569106 0.231434 
0.569117 0.231454 
0.569125 0.231453 
0.570018 0.243739 
0.570113 0.261552 
0.570128 0.2593 
0.570135 0.259307 
0.57014 0.259297 
0.572524 0.260664 
0.572525 0.260679 
0.572528 0.260655 
0.574254 0.243082 
0.574513 0.23476 
0.574783 0.235382 
0.574783 0.235387 
0.574844 0.235395 
0.574854 0.235394 
0.575206 0.262293 
0.57521 0.262291 
0.57526 0.262255 
0.575427 0.23543 
0.575427 0.235474 
0.576741 0.235627 
0.576939 0.235499 
0.578145 0.264104 
0.578159 0.264094 
0.57816 0.264064 
0.578431 0.242672 
0.578771 0.351394 
0.580087 0.235041 
0.580095 0.235066 
0.583035 0.241901 
0.583338 0.234714 
0.583349 0.234719 
0.584325 0.235138 
0.585924 0.295668 
0.586787 0.292007 
0.587245 0.234136 
0.587251 0.234175 
0.587441 0.240848 
0.587561 0.376066 
0.588146 0.288103 
0.588328 0.371536 
0.589698 0.28949 
0.589769 0.284435 
0.590852 0.233667 
0.590857 0.233685 
0.591636 0.239647 
0.591944 0.280717 
0.593202 0.276387 
0.593279 0.289019 
0.593389 0.297605 
0.593796 0.282539 
0.593945 0.276974 
0.594128 0.277039 
0.594179 0.277131 
0.594394 0.233015 
0.59442 0.233027 
0.594714 0.277466 
0.594719 0.277483 
0.59473 0.277511 
0.594733 0.277477 
0.594741 0.277464 
0.595105 0.277705 
0.595351 0.276633 
0.595754 0.278134 
0.595987 0.278377 
0.596273 0.273478 
0.597018 0.39608 
0.597059 0.273688 
0.597909 0.279713 
0.597946 0.269978 
0.598293 0.274472 
0.598618 0.280624 
0.600282 0.266899 
0.601114 0.282114 
0.602587 0.271614 
0.602805 0.264568 
0.604173 0.412306 
0.605188 0.262693 
0.606617 0.422169 
0.606927 0.338804 
0.607758 0.268815 
0.611332 0.427825 
0.612414 0.331173 
0.616985 0.237638 
0.617376 0.295108 
0.620232 0.450584 
0.628979 0.3318 
0.629699 0.327802 
0.630723 0.323652 
0.631714 0.320132 
0.632411 0.323504 
0.632701 0.307514 
0.633295 0.317001 
0.633953 0.308816 
0.634043 0.309033 
0.634063 0.30907 
0.634796 0.318992 
0.635124 0.310118 
0.635403 0.317329 
0.635536 0.325145 
0.63567 0.312082 
0.635672 0.312085 
0.635674 0.312088 
0.635678 0.312077 
0.635678 0.312078 
0.636465 0.311643 
0.636915 0.307894 
0.637214 0.333689 
0.63927 0.30488 
0.64001 0.313426 
0.640214 0.301277 
0.640218 0.313692 
0.64031 0.314937 
0.640572 0.315208 
0.640682 0.305957 
0.641535 0.29811 
0.641607 0.315783 
0.64302 0.29909 
0.643267 0.295217 
0.643327 0.303367 
0.644085 0.265039 
0.644208 0.319032 
0.64421 0.23783 
0.645413 0.292603 
0.646883 0.30051 
0.64966 0.309837 
0.651106 0.257384 
0.6543 0.236509 
0.654702 0.326095 
0.65485 0.118554 
0.655024 0.227508 
0.655036 0.284649 
0.656313 0.893565 
0.656626 0.529765 
0.65669 0.529659 
0.667299 0.238596 
0.669006 0.425096 
0.670372 0.339296 
0.68432 0.35064 
0.685936 0.237451 
0.689585 0.153664 
0.69708 0.359698 
0.700061 0.890392 
0.700187 0.890564 
0.700217 0.890581 
0.700767 0.238147 
0.709015 0.367848 
0.713018 0.238976 
0.722128 0.23912 
0.722479 0.43241 
0.7306 0.239412 
0.76159 0.131845 
0.780714 0.240019 
0.780887 0.241547 
0.780907 0.241574 
0.780925 0.24156 
0.781296 0.240216 
0.781318 0.240217 
0.783159 0.129759 
0.784783 0.513936 
0.797756 0.658338 
0.804343 0.264502 
0.804382 0.264508 
0.804391 0.264494 
0.804397 0.264493 
0.804407 0.26448 
0.80442 0.26446 
0.804455 0.264445 
0.804829 0.264296 
0.845232 0.390356 
0.98945 0.541279 
0.989591 0.489769 
1 0.587074 
