7.77316e-05 0.87271 
0.000757774 0.871894 
0.00089789 0.871752 
0.00109031 0.830289 
0.00111366 0.87208 
0.00113449 0.871439 
0.00133737 0.871356 
0.00141522 0.830155 
0.383333 0.662098 
0.384443 0.661836 
0.384445 0.663204 
0.384763 0.663047 
0.385121 0.662689 
0.38515 0.662758 
0.385245 0.662412 
0.398058 0.615434 
0.431312 0.258776 
0.443712 0.322061 
0.470842 0.249989 
0.494252 0.133021 
0.494383 0.133351 
0.500282 0.311588 
0.500584 0.311539 
0.500586 0.311398 
0.500586 0.311679 
0.500778 0.311615 
0.500781 0.311463 
0.519219 0.0592246 
0.52376 0.341658 
0.534948 0.327889 
0.535742 0.328017 
0.541583 0.355643 
0.541606 0.325214 
0.548351 0.340219 
0.559491 0.34617 
0.569281 0.356092 
0.57528 0.569437 
0.575374 0.569333 
0.588997 0.281669 
0.589062 0.281727 
0.600821 0.336608 
0.601105 0.336481 
0.601466 0.335307 
0.601883 0.305521 
0.610051 0.388314 
0.614025 0.482991 
0.614026 0.482989 
0.614026 0.482989 
0.614026 0.48299 
0.614027 0.482988 
0.614027 0.482988 
0.614028 0.482986 
0.614028 0.482987 
0.614028 0.482987 
0.614028 0.482988 
0.614029 0.482986 
0.614029 0.482986 
0.61403 0.482983 
0.61403 0.482984 
0.616713 0.392737 
0.616726 0.39273 
0.616746 0.392694 
0.616772 0.392836 
0.616775 0.39283 
0.61681 0.392665 
0.616818 0.392916 
0.616874 0.392853 
0.616875 0.392593 
0.616897 0.392436 
0.616897 0.392639 
0.61692 0.392706 
0.616939 0.392647 
0.616956 0.392674 
0.616987 0.392574 
0.616997 0.392699 
0.617001 0.392501 
0.617001 0.392754 
0.617003 0.392592 
0.617009 0.392635 
0.617061 0.392738 
0.617065 0.392687 
0.617074 0.392718 
0.622075 0.243926 
0.625484 0.510251 
0.62549 0.510508 
0.625496 0.377216 
0.625901 0.51046 
0.625918 0.510142 
0.626146 0.478664 
0.626149 0.478683 
0.626154 0.478671 
0.626155 0.478719 
0.626156 0.478648 
0.626157 0.478606 
0.626157 0.478698 
0.626158 0.478707 
0.626159 0.478627 
0.626159 0.478647 
0.626163 0.478647 
0.626164 0.478662 
0.626164 0.478742 
0.626168 0.478674 
0.626169 0.478645 
0.626169 0.478671 
0.626172 0.478689 
0.626174 0.4787 
0.626175 0.478674 
0.626177 0.478679 
0.626178 0.478688 
0.626181 0.47869 
0.627924 0.491394 
0.627932 0.491489 
0.627933 0.491461 
0.627939 0.491501 
0.627941 0.491471 
0.627941 0.491519 
0.627948 0.491454 
0.627958 0.491454 
0.627958 0.49152 
0.62796 0.491397 
0.627964 0.491389 
0.627968 0.491464 
0.627973 0.491464 
0.627973 0.491465 
0.627996 0.491409 
0.628024 0.491472 
0.633024 0.477474 
0.63536 0.398759 
0.635366 0.39878 
0.635373 0.398753 
0.635374 0.398777 
0.635386 0.398768 
0.635386 0.398777 
0.635387 0.398746 
0.635388 0.398769 
0.635389 0.398794 
0.635391 0.398796 
0.635396 0.398727 
0.639666 0.408633 
0.639669 0.408643 
0.639677 0.408592 
0.639691 0.408581 
0.639706 0.408513 
0.639833 0.38786 
0.644556 0.687877 
0.660754 0.377136 
0.660916 0.377065 
0.660939 0.376992 
0.660974 0.376832 
0.669405 0.371065 
0.669409 0.371065 
0.675056 0.367385 
0.675057 0.367383 
0.675057 0.367383 
0.675057 0.367383 
0.675057 0.367383 
0.675057 0.367384 
0.675058 0.367382 
0.675058 0.367382 
0.675058 0.367383 
0.675058 0.367383 
0.675058 0.367383 
0.675058 0.367383 
0.675059 0.367381 
0.675059 0.367381 
0.675059 0.367381 
0.675059 0.367381 
0.675059 0.367381 
0.675059 0.367382 
0.675059 0.367382 
0.675059 0.367382 
0.675059 0.367383 
0.675059 0.367383 
0.675059 0.36738 
0.67506 0.367381 
0.67506 0.367381 
0.67506 0.367381 
0.67506 0.367381 
0.67506 0.367382 
0.67506 0.367382 
0.67506 0.367382 
0.675061 0.36738 
0.675061 0.36738 
0.675061 0.36738 
0.678769 0.372548 
0.683126 0.170724 
0.683766 0.170678 
0.686076 0.372083 
0.686076 0.372083 
0.686076 0.372083 
0.686076 0.372083 
0.686076 0.372083 
0.686594 0.259964 
0.68694 0.259879 
0.687197 0.206044 
0.687273 0.259844 
0.68732 0.259939 
0.68736 0.259374 
0.687501 0.259622 
0.687549 0.259568 
0.687629 0.259926 
0.687836 0.259778 
0.689692 0.200696 
0.69001 0.37746 
0.690712 0.350357 
0.690746 0.350299 
0.693142 0.231189 
0.694464 0.267028 
0.694512 0.26699 
0.694537 0.266938 
0.694545 0.26697 
0.69456 0.266941 
0.694565 0.266988 
0.694629 0.26695 
0.694673 0.266856 
0.694677 0.26692 
0.696341 0.349804 
0.696696 0.38786 
0.696781 0.387894 
0.696813 0.387912 
0.696814 0.387974 
0.696819 0.387828 
0.696835 0.387913 
0.696882 0.387899 
0.696909 0.387918 
0.696924 0.387924 
0.697045 0.362825 
0.697089 0.362823 
0.697104 0.249974 
0.697108 0.250157 
0.697142 0.250127 
0.697209 0.362935 
0.697243 0.36269 
0.697266 0.250202 
0.69734 0.250019 
0.697552 0.249921 
0.698441 0.261844 
0.699992 0.272181 
0.704141 0.324609 
0.70904 0.294064 
0.70907 0.293878 
0.709078 0.294088 
0.709232 0.293829 
0.709689 0.293792 
0.715041 0.415481 
0.715592 0.415714 
0.715669 0.416093 
0.715763 0.415771 
0.715966 0.41611 
0.716501 0.381743 
0.716576 0.381422 
0.716597 0.381538 
0.716625 0.381615 
0.716685 0.381673 
0.716714 0.381287 
0.716733 0.381337 
0.716734 0.381678 
0.716739 0.381814 
0.716744 0.381268 
0.716828 0.381489 
0.716861 0.381444 
0.716869 0.381373 
0.716887 0.381762 
0.716915 0.381446 
0.716946 0.381371 
0.716981 0.381568 
0.716988 0.381641 
0.717083 0.381558 
0.71892 0.285984 
0.718937 0.286045 
0.719079 0.285787 
0.719108 0.28588 
0.719184 0.286176 
0.719266 0.286156 
0.719295 0.285977 
0.719296 0.286271 
0.719352 0.285951 
0.719497 0.286089 
0.737656 0.21483 
0.738113 0.21566 
0.742728 0.418628 
0.743332 0.418534 
0.743944 0.41927 
0.747921 0.365298 
0.751521 0.461421 
0.754478 0.459148 
0.755786 0.460538 
0.755956 0.459998 
0.763276 0.327564 
0.776384 0.348905 
0.787856 0.344166 
0.800006 0.295227 
0.809723 0.287813 
0.817483 0.334526 
0.82855 0.329134 
0.828588 0.328995 
0.828946 0.328998 
0.834315 0.327609 
0.835707 0.303424 
0.852269 0.212621 
0.86389 0.513095 
0.864727 0.515517 
0.880527 0.543094 
0.927009 0.310971 
0.962418 0.292251 
0.963049 0.291592 
0.963091 0.291603 
0.963309 0.443265 
1 0.35412 
