0 0.451169 
8.46807e-05 0.451533 
0.000211302 0.451335 
0.000336237 0.451899 
0.00167617 0.451881 
0.00170236 0.451556 
0.00192075 0.451559 
0.131224 0.421722 
0.138575 0.457307 
0.159046 0.610246 
0.159252 0.610308 
0.15963 0.61052 
0.160081 0.609829 
0.160085 0.767486 
0.160422 0.609925 
0.161194 0.60938 
0.161403 0.60973 
0.161965 0.769213 
0.162247 0.768163 
0.205002 0.60666 
0.20656 0.257041 
0.254289 0.599761 
0.26938 0.829646 
0.270178 0.830034 
0.270674 0.831143 
0.28136 0.837078 
0.314619 0.412854 
0.314958 0.413047 
0.315459 0.413549 
0.315956 0.412938 
0.316216 0.413536 
0.316266 0.413257 
0.316547 0.413956 
0.325924 0.411685 
0.334715 0.498203 
0.334992 0.497455 
0.335125 0.501012 
0.346565 0.730065 
0.361776 0.442928 
0.361926 0.442863 
0.377578 0.724246 
0.378822 0.77786 
0.39087 0.448027 
0.391185 0.450298 
0.392821 0.419986 
0.405117 0.584525 
0.406275 0.632218 
0.409137 0.572599 
0.411114 0.774387 
0.411244 1.04552 
0.413516 0.289066 
0.42775 0.579472 
0.441193 0.678674 
0.448467 0.71026 
0.464799 0.686748 
0.469343 1.05193 
0.479235 0.603635 
0.481622 0.540338 
0.483115 0.597784 
0.486054 0.553651 
0.498772 0.436893 
0.498818 0.436453 
0.498864 0.437576 
0.49924 0.436553 
0.499809 0.437295 
0.500155 0.437006 
0.50026 0.436862 
0.501062 0.437158 
0.506626 0.525192 
0.507515 0.44287 
0.507792 0.555723 
0.510769 0.596173 
0.510828 0.560818 
0.51323 0.875208 
0.515562 0.46391 
0.518697 0.458388 
0.527604 0.371973 
0.528121 0.37318 
0.530364 0.370835 
0.533764 0 
0.54284 0.454826 
0.543109 0.455328 
0.543177 0.454871 
0.543184 0.455647 
0.543197 0.455066 
0.543271 0.455349 
0.543379 0.454768 
0.543388 0.454788 
0.543426 0.454495 
0.543474 0.454677 
0.543573 0.454912 
0.543577 0.454551 
0.543636 0.454791 
0.543639 0.455488 
0.543652 0.454877 
0.543666 0.455149 
0.543706 0.454665 
0.543724 0.454861 
0.54375 0.45492 
0.543832 0.455177 
0.543937 0.455174 
0.543951 0.454764 
0.543959 0.455622 
0.544291 0.454628 
0.544488 0.454871 
0.544614 0.455396 
0.544641 0.4551 
0.545424 0.453981 
0.546819 0.451573 
0.546939 0.452175 
0.547021 0.452842 
0.547568 0.452768 
0.547853 0.452737 
0.547912 0.486908 
0.549063 0.347385 
0.549133 0.486205 
0.549311 0.486962 
0.550421 0.53371 
0.550888 0.489999 
0.551045 0.490153 
0.551469 0.490436 
0.551937 0.566883 
0.552204 0.531861 
0.553543 0.568082 
0.554252 0.568503 
0.555863 0.468614 
0.55607 0.469771 
0.556158 0.468706 
0.560522 0.0219898 
0.560842 0.460881 
0.561028 0.790387 
0.56103 0.461358 
0.561614 0.462316 
0.565413 0.583655 
0.567573 0.502333 
0.569902 0.50794 
0.571371 0.785308 
0.572545 0.404809 
0.573218 0.403924 
0.57323 0.404757 
0.573446 0.405268 
0.573873 0.478374 
0.574559 0.404079 
0.574561 0.401891 
0.574573 0.47965 
0.574718 0.404952 
0.574974 0.480499 
0.575072 0.785079 
0.575272 0.40384 
0.575393 0.402911 
0.576556 0.484486 
0.577106 0.483457 
0.578311 0.48325 
0.58328 0.516708 
0.58347 0.515731 
0.58376 0.516213 
0.584129 0.519975 
0.584852 0.517138 
0.585634 0.515968 
0.588386 0.384934 
0.588688 0.384952 
0.58869 0.384728 
0.588849 0.702411 
0.594651 0.484306 
0.594875 0.48515 
0.595589 0.485115 
0.595802 0.491075 
0.596581 0.492416 
0.596753 0.491074 
0.596942 0.66243 
0.616624 0.64096 
0.616759 0.642303 
0.618276 0.607419 
0.621253 0.688788 
0.623115 0.914539 
0.629066 0.710386 
0.633822 0.257242 
0.634736 0.689945 
0.635213 0.689569 
0.635262 0.69083 
0.63532 0.689953 
0.635392 0.689745 
0.635561 0.688977 
0.635684 0.688433 
0.63599 0.689558 
0.639934 0.606617 
0.640354 0.611612 
0.642525 0.439094 
0.643368 0.442087 
0.643416 0.43961 
0.644101 0.582827 
0.644248 0.586052 
0.644344 0.585123 
0.644408 0.586102 
0.644476 0.586203 
0.644516 0.586203 
0.644553 0.585998 
0.645186 0.584607 
0.645425 0.542463 
0.645972 0.645502 
0.646127 0.540802 
0.650731 0.573618 
0.650731 0.573623 
0.650732 0.573622 
0.650782 0.573607 
0.650783 0.573607 
0.6508 0.573605 
0.650808 0.573563 
0.650826 0.573546 
0.650836 0.573561 
0.650845 0.573643 
0.650846 0.573545 
0.650869 0.573535 
0.650885 0.573522 
0.650896 0.573571 
0.650917 0.573541 
0.650922 0.573579 
0.650928 0.573533 
0.650941 0.573568 
0.650968 0.573574 
0.651008 0.573575 
0.651018 0.573541 
0.651059 0.57351 
0.651083 0.573476 
0.651084 0.573496 
0.65379 0.767038 
0.653818 0.766605 
0.653904 0.766477 
0.654059 0.766436 
0.654074 0.765943 
0.654149 0.766291 
0.654237 0.765415 
0.654342 0.765642 
0.654961 0.538047 
0.656186 0.594505 
0.656409 0.594566 
0.65645 0.596209 
0.656496 0.581943 
0.656601 0.53972 
0.656623 0.598583 
0.657051 0.596522 
0.657301 0.770194 
0.657673 0.769167 
0.657837 0.58645 
0.657845 0.770435 
0.657845 0.770558 
0.657863 0.538596 
0.658003 0.769293 
0.658033 0.586462 
0.658053 0.770594 
0.65819 0.537312 
0.658229 0.586401 
0.658265 0.585045 
0.658555 0.689644 
0.658575 0.770407 
0.658607 0.589102 
0.659039 0.537613 
0.659113 0.600882 
0.659184 0.539369 
0.659219 0.769185 
0.65951 0.689836 
0.659619 0.688753 
0.65969 0.688895 
0.660726 0.690748 
0.660817 0.578049 
0.660851 0.689314 
0.660979 0.572331 
0.661134 0.574836 
0.661179 0.573164 
0.661198 0.573059 
0.661336 0.572531 
0.661364 0.57178 
0.661365 0.572318 
0.661574 0.573652 
0.661594 0.578019 
0.661637 0.5719 
0.661722 0.578252 
0.66192 0.578675 
0.661925 0.578013 
0.661958 0.577565 
0.662103 0.578682 
0.662329 0.578171 
0.662381 0.577937 
0.663957 0.639681 
0.664393 0.645841 
0.664844 0.380317 
0.665808 0.614176 
0.665965 0.380343 
0.668188 0.333217 
0.669081 0.380782 
0.669125 0.517233 
0.669125 0.517372 
0.669266 0.517754 
0.669267 0.517365 
0.669298 0.517443 
0.669315 0.516698 
0.669426 0.517639 
0.669453 0.640704 
0.669493 0.517368 
0.669597 0.517503 
0.669606 0.516838 
0.669611 0.513267 
0.669678 0.513006 
0.669681 0.512506 
0.669728 0.517304 
0.669735 0.513765 
0.669819 0.518082 
0.669855 0.51356 
0.669883 0.513361 
0.669889 0.513178 
0.669903 0.51759 
0.669915 0.512949 
0.669965 0.517507 
0.669976 0.513474 
0.669996 0.516927 
0.670002 0.51302 
0.670038 0.513539 
0.670041 0.517153 
0.670051 0.517866 
0.670095 0.513125 
0.67013 0.513522 
0.670141 0.513296 
0.670148 0.518081 
0.670281 0.513296 
0.670389 0.513372 
0.670413 0.514054 
0.670589 0.513339 
0.67177 0.528859 
0.672638 0.611582 
0.672861 0.525483 
0.672946 0.52632 
0.673179 0.525424 
0.673285 0.526374 
0.673311 0.527016 
0.673579 0.52595 
0.673733 0.523862 
0.674002 0.429262 
0.674061 0.525293 
0.674354 0.523991 
0.674912 0.610589 
0.675245 0.524854 
0.675383 0.52514 
0.676129 0.597794 
0.676375 0.754789 
0.677416 0.598068 
0.677586 0.756806 
0.677686 0.599116 
0.678055 0.632461 
0.678604 0.757029 
0.679689 0.696586 
0.679703 0.757299 
0.679774 0.756922 
0.679866 0.756883 
0.679913 0.415755 
0.680178 0.456984 
0.680523 0.477994 
0.680556 0.610504 
0.681481 0.47625 
0.681571 0.476719 
0.682191 0.413794 
0.682253 0.593303 
0.682739 0.412556 
0.682832 0.499872 
0.682907 0.591247 
0.682978 0.59409 
0.683252 0.499636 
0.683302 0.59244 
0.683348 0.497939 
0.684044 0.500351 
0.68418 0.498696 
0.684408 0.503814 
0.684823 0.502826 
0.685001 0.500119 
0.68516 0.604485 
0.685287 0.500435 
0.685388 0.498915 
0.685623 0.596914 
0.685791 0.597449 
0.685891 0.500214 
0.685904 0.501155 
0.685961 0.503283 
0.686194 0.502136 
0.686454 0.50136 
0.686456 0.499876 
0.686749 0.498644 
0.686809 0.499734 
0.686913 0.761228 
0.687075 0.573619 
0.687102 0.500994 
0.687186 0.502878 
0.68721 0.499886 
0.68763 0.762123 
0.68771 0.761637 
0.687792 0.592412 
0.688013 0.76303 
0.688019 0.499847 
0.688167 0.498242 
0.68854 0.498238 
0.688981 0.762463 
0.689086 0.594413 
0.689536 0.569037 
0.689543 0.568366 
0.6899 0.594671 
0.69038 0.568977 
0.690537 0.574221 
0.690649 0.628373 
0.690665 0.507311 
0.690725 0.506498 
0.690797 0.763408 
0.690862 0.507843 
0.690873 0.507468 
0.690946 0.50746 
0.690971 0.415144 
0.691038 0.508299 
0.691049 0.507678 
0.691069 0.412611 
0.69116 0.413347 
0.691317 0.508745 
0.691366 0.508943 
0.691588 0.459363 
0.691608 0.508215 
0.691874 0.50645 
0.692162 0.507036 
0.692288 0.657841 
0.69285 0.458522 
0.692886 0.460894 
0.69331 0.56899 
0.693508 0.569941 
0.693509 0.584641 
0.693782 0.587049 
0.694387 0.578595 
0.694417 0.47464 
0.694773 0.570528 
0.695174 0.588612 
0.695202 0.475685 
0.695402 0.458737 
0.695603 0.602903 
0.696036 0.386638 
0.69634 0.687231 
0.696349 0.384454 
0.697401 0.570788 
0.697516 0.570276 
0.697542 0.570654 
0.697748 0.26535 
0.697958 0.473682 
0.698101 0.608827 
0.698742 0.439223 
0.698881 0.421884 
0.699003 0.420658 
0.699568 0.41941 
0.699739 0.385643 
0.699977 0.646637 
0.700091 0.592308 
0.700279 0.649984 
0.70038 0.594453 
0.700541 0.612488 
0.700682 0.657557 
0.701005 0.593678 
0.701217 0.577069 
0.701311 0.582007 
0.70167 0.584874 
0.702417 0.582782 
0.702581 0.59579 
0.702805 0.570778 
0.703012 0.613841 
0.703722 0.568873 
0.703877 0.644965 
0.704031 0.570731 
0.706396 0.581351 
0.706565 0.597686 
0.706654 0.575129 
0.707338 0.567766 
0.707506 0.562926 
0.707514 0.582074 
0.707886 0.581286 
0.707921 0.579712 
0.707952 0.579465 
0.708059 0.464174 
0.708151 0.646368 
0.708235 0.579396 
0.708848 0.570826 
0.709209 0.569379 
0.709731 0.447523 
0.709756 0.704707 
0.709872 0.603579 
0.709891 0.670834 
0.710102 0.567373 
0.710355 0.448531 
0.710409 0.463052 
0.710489 0.61793 
0.710611 0.561633 
0.710875 0.561436 
0.711144 0.561593 
0.71139 0.448729 
0.711406 0.643617 
0.711717 0.612941 
0.711726 0.586532 
0.7128 0.573097 
0.712903 0.565684 
0.712918 0.565407 
0.71292 1.02236 
0.712924 0.461049 
0.713069 0.711215 
0.713154 0.565782 
0.713174 0.601346 
0.713354 0.579219 
0.713718 0.578383 
0.713731 0.593432 
0.713938 0.569799 
0.714029 0.593688 
0.714102 0.593665 
0.714111 0.636791 
0.714165 0.568766 
0.714304 0.579464 
0.71439 0.448276 
0.714495 0.372169 
0.714786 0.569041 
0.715161 0.345951 
0.715241 0.64105 
0.715583 0.592668 
0.715615 0.59206 
0.715617 0.592138 
0.716116 0.61942 
0.716242 0.682004 
0.716806 0.627963 
0.717026 0.607575 
0.717471 0.656049 
0.717807 0.696562 
0.718149 0.430654 
0.718406 0.590253 
0.718438 0.571963 
0.719132 0.707455 
0.719538 0.628468 
0.719662 0.721859 
0.719668 0.682885 
0.719704 0.568984 
0.71991 0.578036 
0.720067 0.567486 
0.720424 0.568806 
0.72044 0.57906 
0.720785 0.373834 
0.720863 0.57775 
0.721194 0.670773 
0.721659 0.650053 
0.722012 0.59726 
0.722046 0.568932 
0.722164 0.589807 
0.722221 0.285629 
0.722292 0.590334 
0.722467 0.540925 
0.722511 0.589321 
0.722592 0.654827 
0.722722 0.981591 
0.723367 0.645149 
0.723444 0.529208 
0.724066 0.5427 
0.724171 0.569099 
0.724278 0.568807 
0.724336 0.575718 
0.724369 0.569383 
0.724407 0.57627 
0.724592 0.577192 
0.724601 0.380441 
0.724625 0.527859 
0.72466 0.576396 
0.725405 0.467172 
0.725563 0.617347 
0.726004 0.451092 
0.72602 0.543186 
0.72639 0.446724 
0.726474 0.558897 
0.726501 0.448198 
0.726558 0.59803 
0.726633 0.465279 
0.726744 0.586272 
0.726819 0.450699 
0.726883 0.449697 
0.726951 0.558645 
0.727035 0.560635 
0.727293 0.584517 
0.72731 0.629802 
0.72735 0.586377 
0.727471 0.559078 
0.727543 0.63846 
0.727665 0.464773 
0.72776 0.584486 
0.727874 0.56024 
0.728024 0.557837 
0.728041 0.593257 
0.728052 0.585805 
0.728185 0.585278 
0.728378 0.592256 
0.728927 0.537161 
0.729236 0.539345 
0.729352 0.537881 
0.729386 0.617875 
0.729487 0.586343 
0.729504 0.582138 
0.729528 0.539311 
0.729591 0.615024 
0.729596 0.536593 
0.729621 0.626241 
0.729626 0.586266 
0.729651 0.586832 
0.729712 0.587889 
0.729782 0.538098 
0.729785 0.445275 
0.729924 0.582503 
0.730532 0.5206 
0.730537 0.581488 
0.730825 0.520202 
0.730953 0.583716 
0.731056 0.55617 
0.731065 0.520171 
0.731333 0.571071 
0.731342 0.583651 
0.731422 0.583923 
0.731507 0.592115 
0.731556 0.570764 
0.73165 0.59207 
0.731659 0.587941 
0.731693 0.058875 
0.73182 0.609343 
0.731867 0.589752 
0.73191 0.583382 
0.731929 0.612308 
0.731976 0.627275 
0.732027 0.582576 
0.732029 0.590117 
0.732068 0.583916 
0.732132 0.583562 
0.732182 0.582346 
0.732196 0.590411 
0.732247 0.582212 
0.732259 0.583296 
0.732285 0.582344 
0.732296 0.582343 
0.732303 0.583272 
0.732344 0.584077 
0.732353 0.590563 
0.732354 0.583131 
0.732363 0.571583 
0.732373 0.583471 
0.732383 0.516062 
0.732384 0.583656 
0.7324 0.584291 
0.732413 0.582361 
0.732416 0.58729 
0.73242 0.582192 
0.732425 0.582615 
0.732436 0.58186 
0.732452 0.590454 
0.732458 0.589399 
0.732463 0.617197 
0.732476 0.582525 
0.732481 0.58368 
0.732483 0.583555 
0.73249 0.582671 
0.732496 0.589869 
0.732506 0.581853 
0.732524 0.615487 
0.732527 0.584471 
0.732528 0.58421 
0.732552 0.583695 
0.732562 0.590575 
0.732566 0.589661 
0.732577 0.582034 
0.732583 0.583765 
0.732589 0.582341 
0.732612 0.581731 
0.732622 0.584175 
0.732629 0.58402 
0.732645 0.587696 
0.732651 0.58426 
0.732668 0.589566 
0.73268 0.584079 
0.732682 0.544475 
0.732699 0.618027 
0.732704 0.58344 
0.732782 0.529937 
0.732807 0.588045 
0.73281 0.58418 
0.732819 0.583659 
0.732826 0.583686 
0.732835 0.587898 
0.732838 0.584292 
0.73284 0.583751 
0.732864 0.583572 
0.732873 0.517399 
0.732885 0.583785 
0.732915 0.589084 
0.732921 0.583819 
0.732962 0.580206 
0.732997 0.584197 
0.733007 0.583633 
0.733008 0.581757 
0.733046 0.584357 
0.733075 0.582984 
0.73308 0.642388 
0.733092 0.516321 
0.733133 0.581828 
0.733134 0.582956 
0.733169 0.58413 
0.733233 0.583949 
0.733234 0.583604 
0.733252 0.582801 
0.733273 0.546138 
0.733302 0.619795 
0.733336 0.583574 
0.733351 0.58361 
0.733359 0.582662 
0.733383 0.587702 
0.733387 0.583319 
0.733395 0.584754 
0.733399 0.580014 
0.733438 0.583474 
0.733449 0.589029 
0.733469 0.583543 
0.733475 0.583468 
0.733571 0.582354 
0.733582 0.58802 
0.733596 0.581744 
0.733611 0.589019 
0.733617 0.583397 
0.733627 0.582711 
0.733628 0.580591 
0.73363 0.592493 
0.733652 0.582661 
0.733672 0.58241 
0.733697 0.589423 
0.733741 0.589249 
0.733757 0.581387 
0.73376 0.640259 
0.733767 0.582264 
0.733771 0.582201 
0.733781 0.582902 
0.733788 0.583048 
0.73379 0.63231 
0.7338 0.583204 
0.733806 0.523516 
0.733814 0.581671 
0.73383 0.582101 
0.73384 0.583321 
0.733844 0.59082 
0.733849 0.582434 
0.733856 0.581816 
0.733877 0.583241 
0.733894 0.583519 
0.733924 0.585126 
0.733938 0.581778 
0.733938 0.613638 
0.733956 0.582435 
0.733958 0.587773 
0.733979 0.587277 
0.733983 0.583213 
0.734004 0.581912 
0.734025 0.583076 
0.734043 0.582635 
0.734057 0.588196 
0.734073 0.960334 
0.734093 0.587219 
0.734159 0.581905 
0.734201 0.617053 
0.734209 0.58206 
0.734255 0.585084 
0.734257 0.581897 
0.734271 0.589627 
0.734345 0.616888 
0.734371 0.582403 
0.734382 0.582117 
0.734467 0.398018 
0.734484 0.581512 
0.734529 0.588048 
0.734752 0.649112 
0.734813 0.613182 
0.734868 0.616252 
0.734952 0.566085 
0.734965 0.616681 
0.735016 0.643232 
0.7351 0.588617 
0.73518 0.617296 
0.735234 0.617402 
0.735264 0.620971 
0.735338 0.587772 
0.73537 0.582055 
0.735403 0.588862 
0.735423 0.582153 
0.73547 0.617227 
0.735501 0.582643 
0.735505 0.582307 
0.735535 0.616153 
0.735611 0.617182 
0.735623 0.647054 
0.73565 0.637243 
0.73568 0.548795 
0.735682 0.582388 
0.735682 0.620656 
0.735694 0.580558 
0.735806 0.658007 
0.735853 0.618563 
0.735867 0.639126 
0.735868 0.565463 
0.7359 0.582112 
0.735912 0.397023 
0.735915 0.580326 
0.735967 0.619443 
0.736031 0.742369 
0.736077 0.620182 
0.736103 0.566082 
0.73613 0.64215 
0.736207 0.565772 
0.736239 0.618032 
0.736262 0.620392 
0.73627 0.542827 
0.736325 0.62007 
0.736327 0.580797 
0.736465 0.620942 
0.736519 0.540607 
0.736544 0.615154 
0.736548 0.587896 
0.736674 0.544879 
0.73668 0.644623 
0.736688 0.542448 
0.736786 0.701252 
0.73691 0.615545 
0.736919 0.69227 
0.736979 0.633689 
0.737017 0.61614 
0.737023 0.615887 
0.73703 0.640447 
0.737088 0.675136 
0.737136 0.541452 
0.737149 0.61591 
0.737149 0.618238 
0.737221 0.614003 
0.737509 0.641416 
0.737616 0.615755 
0.737626 0.587315 
0.737778 0.641569 
0.737786 0.39876 
0.737797 0.6413 
0.737803 0.528042 
0.737837 0.641347 
0.737841 0.639812 
0.737891 0.637844 
0.737957 0.644606 
0.738041 0.638845 
0.738117 0.647691 
0.738137 0.622183 
0.738176 0.641494 
0.73826 0.582155 
0.738316 0.581946 
0.738318 0.638344 
0.738583 0.540681 
0.738589 0.582046 
0.738623 0.645073 
0.738884 0.541221 
0.739091 0.631005 
0.739155 0.541584 
0.739237 0.639542 
0.739355 0.646267 
0.739402 0.634628 
0.739423 0.638182 
0.739565 0.638237 
0.739596 0.618411 
0.739598 0.542417 
0.739649 0.645546 
0.739676 0.645458 
0.73969 0.54235 
0.739843 0.539524 
0.739913 0.534847 
0.739919 0.534904 
0.739931 0.534943 
0.739937 0.53485 
0.739942 0.534906 
0.739944 0.534936 
0.739946 0.534976 
0.739948 0.534993 
0.739952 0.534899 
0.739954 0.534865 
0.739954 0.534986 
0.739956 0.534895 
0.73996 0.534967 
0.739962 0.534906 
0.739965 0.534921 
0.739965 0.534985 
0.739967 0.534915 
0.739969 0.53505 
0.739969 0.535074 
0.739977 0.534928 
0.73998 0.535021 
0.739981 0.534847 
0.739982 0.534992 
0.739988 0.53485 
0.739989 0.535014 
0.739994 0.535123 
0.739996 0.535157 
0.74 0.535187 
0.740001 0.535178 
0.740004 0.534854 
0.740004 0.535082 
0.740007 0.534906 
0.740007 0.534983 
0.740007 0.535128 
0.740009 0.535195 
0.740012 0.535093 
0.740013 0.535044 
0.740014 0.534953 
0.740014 0.535186 
0.740016 0.535064 
0.740017 0.534901 
0.740018 0.535021 
0.740019 0.534975 
0.740019 0.535025 
0.74002 0.535135 
0.740022 0.535096 
0.740023 0.53496 
0.740025 0.620085 
0.740026 0.534983 
0.740027 0.535114 
0.740028 0.534977 
0.74003 0.535048 
0.740034 0.53496 
0.740039 0.535048 
0.74004 0.53517 
0.740042 0.535149 
0.740046 0.535118 
0.740047 0.535027 
0.740048 0.535154 
0.740051 0.535108 
0.74007 0.535074 
0.740071 0.53517 
0.740083 0.535159 
0.740088 0.535177 
0.740092 0.535152 
0.740093 0.535191 
0.740106 0.646891 
0.740176 0.540057 
0.740281 0.639599 
0.740372 0.616857 
0.740399 0.719526 
0.740408 0.540989 
0.740492 0.541675 
0.740526 0.540426 
0.740535 0.590763 
0.740723 0.542633 
0.740762 0.543443 
0.740763 0.541616 
0.740766 0.54069 
0.740774 0.620232 
0.740795 0.443235 
0.740965 0.541615 
0.741261 0.639637 
0.741333 0.535659 
0.741426 0.550934 
0.741458 0.637643 
0.741677 0.551683 
0.741721 0.523366 
0.741979 0.523526 
0.741993 0.523581 
0.742025 0.523316 
0.742045 0.577676 
0.74208 0.523428 
0.742123 0.522973 
0.742124 0.523124 
0.742135 0.523598 
0.742166 0.523264 
0.742169 0.523498 
0.742213 0.549291 
0.742216 0.523312 
0.742223 0.523051 
0.742227 0.52284 
0.742237 0.523396 
0.74231 0.52334 
0.742341 0.64097 
0.742346 0.52341 
0.74235 0.577925 
0.742352 0.523375 
0.742362 0.52323 
0.742365 0.523551 
0.742367 0.52301 
0.742404 0.523543 
0.742422 0.536406 
0.742447 0.523745 
0.74245 0.536376 
0.742456 0.523972 
0.742459 0.549031 
0.74246 0.542503 
0.742473 0.523627 
0.742491 0.523296 
0.742501 0.536554 
0.742502 0.536186 
0.742514 0.536453 
0.742514 0.538127 
0.74253 0.536267 
0.742537 0.523296 
0.742537 0.549293 
0.74254 0.543618 
0.742545 0.536044 
0.742547 0.523476 
0.742547 0.523642 
0.742552 0.549053 
0.742554 0.53635 
0.742555 0.581463 
0.742562 0.523695 
0.742564 0.536471 
0.742567 0.523307 
0.742578 0.536337 
0.742582 0.536169 
0.742596 0.524071 
0.742604 0.536542 
0.742607 0.536463 
0.742614 0.536684 
0.742615 0.536611 
0.742616 0.536077 
0.742628 0.536133 
0.742629 0.536472 
0.742632 0.523316 
0.742635 0.523799 
0.742648 0.536019 
0.742649 0.549357 
0.74266 0.536353 
0.742661 0.536451 
0.742665 0.523235 
0.742672 0.578005 
0.742674 0.536334 
0.742684 0.536546 
0.742688 0.549265 
0.742691 0.536526 
0.742698 0.536672 
0.742704 0.551381 
0.742711 0.536433 
0.742714 0.523843 
0.74272 0.536369 
0.742721 0.523436 
0.742722 0.536115 
0.742728 0.549276 
0.742729 0.536405 
0.742733 0.536555 
0.742738 0.53629 
0.742744 0.536368 
0.742748 0.523817 
0.742755 0.536554 
0.742757 0.536417 
0.742757 0.536473 
0.742763 0.536182 
0.742767 0.536196 
0.742775 0.53628 
0.742775 0.53633 
0.742778 0.536445 
0.74278 0.536424 
0.742791 0.522854 
0.742793 0.550374 
0.742799 0.523498 
0.742805 0.523494 
0.742805 0.550347 
0.742822 0.536415 
0.742825 0.524071 
0.742873 0.642778 
0.742893 0.550757 
0.742954 0.523301 
0.742964 0.558832 
0.742991 0.523812 
0.743025 0.549833 
0.743033 0.52364 
0.743058 0.524006 
0.743125 0.523745 
0.743182 0.523506 
0.743188 0.523634 
0.743223 0.525498 
0.743273 0.550433 
0.743296 0.550549 
0.743298 0.645669 
0.743326 0.559347 
0.743373 0.525677 
0.743394 0.525524 
0.743405 0.525726 
0.743424 0.525459 
0.743438 0.52545 
0.743439 0.525721 
0.74344 0.525418 
0.743464 0.525842 
0.743491 0.525397 
0.743492 0.525503 
0.743523 0.525917 
0.743533 0.542293 
0.743538 0.525785 
0.743553 0.525469 
0.743566 0.525833 
0.743568 0.525427 
0.743569 0.525621 
0.743577 0.525667 
0.743582 0.525828 
0.743611 0.525488 
0.743635 0.558251 
0.743648 0.525703 
0.743656 0.525635 
0.743659 0.525612 
0.7437 0.525472 
0.7437 0.525799 
0.743701 0.558018 
0.743703 0.525576 
0.74371 0.525726 
0.743712 0.525921 
0.743713 0.525691 
0.743714 0.525578 
0.743721 0.525746 
0.743738 0.525533 
0.743761 0.52595 
0.743764 0.525587 
0.74377 0.525814 
0.743777 0.52593 
0.743783 0.525828 
0.743785 0.525804 
0.743806 0.525444 
0.743809 0.52544 
0.743817 0.639901 
0.743823 0.525972 
0.743837 0.525769 
0.743844 0.525524 
0.743844 0.729823 
0.743849 0.52593 
0.743882 0.525755 
0.743885 0.525697 
0.743892 0.525689 
0.743895 0.52543 
0.744118 0.571893 
0.744138 0.572048 
0.744359 0.641021 
0.744371 0.572125 
0.74451 0.559721 
0.74459 0.55863 
0.744766 0.558653 
0.744826 0.548382 
0.744997 0.442301 
0.745106 0.572697 
0.74521 0.572958 
0.745231 0.572542 
0.745255 0.572977 
0.745308 0.576353 
0.745324 0.572671 
0.74538 0.57266 
0.745424 0.576421 
0.745429 0.572622 
0.745429 0.574903 
0.745468 0.576485 
0.745488 0.572871 
0.745488 0.573247 
0.745574 0.599304 
0.74558 0.572596 
0.745591 0.559231 
0.745626 0.572714 
0.745646 0.572577 
0.745799 0.419319 
0.745819 0.561212 
0.745904 0.577029 
0.745908 0.44161 
0.746127 0.542914 
0.746174 0.576667 
0.7462 0.576491 
0.746298 0.57688 
0.746363 0.576323 
0.746374 0.576525 
0.746383 0.574212 
0.746469 0.57553 
0.746478 0.419062 
0.74659 0.4208 
0.746649 0.573509 
0.746773 0.613958 
0.746909 0.5733 
0.746943 0.574979 
0.746951 0.559851 
0.746955 0.574667 
0.747013 0.573147 
0.74702 0.617635 
0.747061 0.57703 
0.747062 0.575028 
0.747084 0.574239 
0.747116 0.574463 
0.74715 0.562159 
0.747152 0.574928 
0.747155 0.576887 
0.747192 0.638673 
0.747241 0.574619 
0.747271 0.370167 
0.747271 0.574579 
0.747281 0.576248 
0.747387 0.580694 
0.747399 0.575752 
0.747407 0.574637 
0.747442 0.574947 
0.747499 0.574612 
0.747556 0.573409 
0.747682 0.573346 
0.747737 0.580133 
0.747757 0.724992 
0.747767 0.57492 
0.747768 0.573049 
0.747809 0.581339 
0.747828 0.556393 
0.747828 0.575395 
0.747901 0.580154 
0.74794 0.577799 
0.747944 0.555823 
0.748064 0.576631 
0.748066 0.556471 
0.748071 0.577441 
0.748285 0.574483 
0.748299 0.574273 
0.74831 0.574742 
0.748361 0.574639 
0.748373 0.574609 
0.748389 0.442023 
0.748389 0.574423 
0.748392 0.574428 
0.748396 0.574872 
0.748397 0.574579 
0.748398 0.574444 
0.748406 0.574341 
0.748411 0.584988 
0.748412 0.574543 
0.748418 0.57466 
0.748427 0.574682 
0.748432 0.574515 
0.74844 0.574243 
0.748448 0.574292 
0.748449 0.574566 
0.74845 0.574529 
0.74845 0.574538 
0.74846 0.574637 
0.748464 0.574406 
0.748467 0.574472 
0.748471 0.574681 
0.748471 0.576616 
0.748474 0.574262 
0.748474 0.57453 
0.748476 0.574468 
0.748486 0.574407 
0.748491 0.57442 
0.748491 0.574473 
0.748496 0.574611 
0.748506 0.574491 
0.748521 0.574503 
0.748523 0.577912 
0.748531 0.574499 
0.748534 0.574814 
0.748538 0.574484 
0.748549 0.574436 
0.748552 0.574642 
0.748562 0.574486 
0.748565 0.574585 
0.748568 0.574378 
0.748573 0.574447 
0.748584 0.573926 
0.748597 0.57463 
0.748601 0.574536 
0.748614 0.574349 
0.748636 0.574598 
0.748637 0.560002 
0.748658 0.57439 
0.748693 0.574318 
0.74873 0.586512 
0.748752 0.577412 
0.748791 0.559795 
0.748791 0.577194 
0.748808 0.578805 
0.748823 0.560312 
0.748827 0.577222 
0.748863 0.577052 
0.748931 0.555909 
0.748933 0.577016 
0.748957 0.577947 
0.748961 0.553676 
0.748987 0.577205 
0.74899 0.577035 
0.748992 0.577274 
0.749006 0.576882 
0.749099 0.577019 
0.749106 0.576726 
0.749127 0.57686 
0.749137 0.577486 
0.74914 0.574325 
0.749146 0.573869 
0.749219 0.588486 
0.749236 0.576699 
0.749238 0.555609 
0.749244 0.555067 
0.749259 0.555124 
0.74926 0.555093 
0.749261 0.57729 
0.749279 0.555129 
0.749279 0.55515 
0.749282 0.555164 
0.749284 0.577636 
0.749285 0.55511 
0.749285 0.555145 
0.749289 0.555166 
0.74929 0.555122 
0.749293 0.555146 
0.749295 0.555156 
0.749295 0.555196 
0.749302 0.555121 
0.749303 0.555151 
0.749304 0.555163 
0.749307 0.583577 
0.749315 0.555183 
0.749318 0.555162 
0.749319 0.555173 
0.749324 0.555209 
0.749325 0.555169 
0.749326 0.555179 
0.749326 0.55517 
0.749332 0.555217 
0.749332 0.555219 
0.74936 0.591468 
0.749421 0.577404 
0.74945 0.580322 
0.749503 0.590267 
0.74951 0.58412 
0.749646 0.552267 
0.749717 0.577865 
0.74975 0.57741 
0.749769 0.583056 
0.749808 0.578028 
0.749899 0.581118 
0.749957 0.583567 
0.749959 0.553134 
0.749992 0.582383 
0.75003 0.578156 
0.750034 0.554749 
0.750077 0.554774 
0.750084 0.598854 
0.750098 0.587121 
0.750155 0.554693 
0.750178 0.557254 
0.750182 0.535555 
0.750188 0.555964 
0.750191 0.556719 
0.750223 0.584489 
0.750252 0.555128 
0.750271 0.556701 
0.750277 0.555175 
0.750282 0.53535 
0.750305 0.554075 
0.750316 0.556768 
0.750329 0.556562 
0.750336 0.557063 
0.750341 0.554349 
0.750354 0.55691 
0.750363 0.576334 
0.7504 0.535447 
0.750454 0.53529 
0.750455 0.535243 
0.750462 0.535207 
0.750465 0.554648 
0.750473 0.586365 
0.750477 0.55614 
0.750494 0.554582 
0.750502 0.535651 
0.750505 0.535446 
0.750506 0.587191 
0.75051 0.557276 
0.75052 0.535306 
0.750521 0.553267 
0.750545 0.535587 
0.750555 0.535745 
0.750555 0.556709 
0.750563 0.535659 
0.750581 0.535381 
0.750589 0.553675 
0.75059 0.557736 
0.750596 0.554141 
0.750596 0.556872 
0.750599 0.535622 
0.750609 0.55615 
0.750656 0.535508 
0.75067 0.555646 
0.750674 0.58707 
0.750687 0.535678 
0.750687 0.576896 
0.750701 0.555803 
0.750703 0.584496 
0.750711 0.587256 
0.750727 0.535598 
0.750748 0.535749 
0.750756 0.554612 
0.750771 0.535371 
0.750774 0.554345 
0.750776 0.535649 
0.750789 0.583389 
0.75079 0.535542 
0.750802 0.55519 
0.750804 0.554315 
0.750816 0.553927 
0.750827 0.535454 
0.750837 0.587208 
0.750839 0.55373 
0.750842 0.556601 
0.750848 0.535528 
0.750863 0.55658 
0.750869 0.55442 
0.750873 0.556874 
0.750899 0.554533 
0.750899 0.55628 
0.75091 0.554176 
0.750912 0.586613 
0.750919 0.554401 
0.750927 0.554555 
0.750928 0.535461 
0.750935 0.535566 
0.75094 0.593504 
0.750956 0.554458 
0.750961 0.553986 
0.750967 0.554374 
0.750972 0.554759 
0.75099 0.553792 
0.751015 0.554145 
0.751029 0.553115 
0.751056 0.554172 
0.751064 0.554719 
0.751071 0.599449 
0.751072 0.553494 
0.751113 0.557269 
0.751118 0.586644 
0.751127 0.587741 
0.751133 0.534095 
0.751147 0.534126 
0.751156 0.534211 
0.751163 0.554383 
0.751169 0.534162 
0.751184 0.586161 
0.751192 0.534205 
0.75121 0.534002 
0.751211 0.554241 
0.751218 0.534084 
0.751219 0.58996 
0.751221 0.534027 
0.751223 0.534014 
0.751231 0.554031 
0.751239 0.534243 
0.751242 0.554105 
0.751243 0.586077 
0.751244 0.53427 
0.751248 0.53389 
0.751251 0.53419 
0.751253 0.534108 
0.751254 0.534035 
0.75127 0.53389 
0.75127 0.595489 
0.751271 0.534006 
0.751274 0.534036 
0.751276 0.586292 
0.751278 0.533985 
0.751278 0.556596 
0.75128 0.533953 
0.751281 0.534216 
0.751284 0.534166 
0.751286 0.534172 
0.751287 0.534081 
0.751289 0.5538 
0.751291 0.534023 
0.751295 0.586406 
0.751297 0.534027 
0.751299 0.556475 
0.7513 0.533984 
0.751302 0.590407 
0.751311 0.533943 
0.751313 0.534006 
0.751313 0.534018 
0.751316 0.534115 
0.751325 0.533888 
0.751328 0.534168 
0.751332 0.534066 
0.751338 0.533884 
0.751338 0.533955 
0.75134 0.534008 
0.751349 0.533952 
0.751355 0.534097 
0.751356 0.534159 
0.751358 0.586722 
0.751359 0.534077 
0.751369 0.534021 
0.751393 0.553974 
0.751403 0.554921 
0.751404 0.534081 
0.751406 0.533906 
0.751409 0.53422 
0.751413 0.53413 
0.751436 0.534211 
0.751438 0.534258 
0.751447 0.534143 
0.75145 0.534008 
0.751498 0.534161 
0.751506 0.581007 
0.751509 0.58636 
0.751515 0.534237 
0.751515 0.587613 
0.751548 0.534226 
0.751553 0.534155 
0.751556 0.554471 
0.751556 0.585987 
0.751587 0.58683 
0.751624 0.554693 
0.751722 0.555599 
0.751725 0.556389 
0.75174 0.556262 
0.751743 0.592129 
0.751744 0.556184 
0.751806 0.589564 
0.751824 0.552651 
0.751842 0.555063 
0.751857 0.555103 
0.751866 0.587749 
0.751942 0.587673 
0.751978 0.55531 
0.751996 0.555459 
0.752023 0.590077 
0.752043 0.556346 
0.752051 0.556696 
0.752058 0.590257 
0.752073 0.590229 
0.752073 0.590971 
0.752115 0.5867 
0.752122 0.60523 
0.752134 0.590001 
0.752134 0.590158 
0.752135 0.555944 
0.752175 0.587487 
0.752184 0.594814 
0.752193 0.590268 
0.752196 0.555543 
0.752221 0.553036 
0.752248 0.555056 
0.752249 0.555345 
0.752278 0.555261 
0.752292 0.555481 
0.752296 0.559019 
0.752307 0.590376 
0.752342 0.600395 
0.752343 0.518533 
0.752361 0.556256 
0.75238 0.555035 
0.75241 0.555597 
0.752411 0.552577 
0.752449 0.555307 
0.752523 0.554645 
0.752526 0.55516 
0.7526 0.59413 
0.752609 0.555569 
0.752628 0.555273 
0.752657 0.590981 
0.752712 0.592998 
0.752719 0.59138 
0.752783 0.558528 
0.752866 0.598055 
0.752909 0.554914 
0.752933 0.585193 
0.752937 0.555805 
0.753001 0.555804 
0.753098 0.586236 
0.75315 0.557818 
0.753161 0.593851 
0.753403 0.594103 
0.75342 0.718 
0.753454 0.556542 
0.753521 0.925628 
0.753537 0.587791 
0.753831 0.556776 
0.753932 0.550076 
0.754066 0.550219 
0.754083 0.550246 
0.754105 0.513971 
0.754139 0.550171 
0.754146 0.550228 
0.754155 0.5879 
0.754211 0.5499 
0.754267 0.549618 
0.754328 0.514716 
0.754356 0.550123 
0.754361 0.551083 
0.754374 0.554218 
0.75438 0.549735 
0.754404 0.549958 
0.754415 0.550099 
0.754462 0.550494 
0.754471 0.550495 
0.754501 0.550469 
0.75452 0.514535 
0.754531 0.550051 
0.754593 0.978134 
0.754646 0.556562 
0.754647 0.59558 
0.754773 0.550571 
0.754799 0.514463 
0.754801 0.589911 
0.754809 0.514331 
0.7552 0.550316 
0.755208 0.550107 
0.755261 0.515298 
0.755353 0.562652 
0.7556 0.550385 
0.75579 0.518698 
0.755799 0.560115 
0.755879 0.538714 
0.755897 0.564245 
0.755924 0.56411 
0.755945 0.564138 
0.755956 0.564131 
0.75596 0.564131 
0.75596 0.564134 
0.755961 0.564107 
0.755963 0.564126 
0.755972 0.564128 
0.755972 0.56413 
0.755975 0.564129 
0.755976 0.564121 
0.755976 0.564129 
0.755977 0.564095 
0.755978 0.564063 
0.755983 0.564156 
0.755988 0.564141 
0.755989 0.564126 
0.756117 0.596874 
0.756156 0.549748 
0.756163 0.608271 
0.756374 0.564219 
0.756446 0.598563 
0.756452 0.56466 
0.756479 0.564564 
0.756495 0.564298 
0.75656 0.519112 
0.756644 0.561485 
0.756645 0.561321 
0.756667 0.561542 
0.756866 0.564913 
0.756877 0.564823 
0.756892 0.564874 
0.756912 0.564845 
0.756961 0.564853 
0.75698 0.564837 
0.756986 0.564902 
0.756989 0.564768 
0.756989 0.564863 
0.756995 0.564861 
0.757008 0.564839 
0.75702 0.564824 
0.757045 0.514326 
0.757052 0.564853 
0.757065 0.551426 
0.757066 0.561827 
0.757071 0.564733 
0.757417 0.550834 
0.757483 0.565549 
0.757491 0.550604 
0.757503 0.538723 
0.75753 0.551641 
0.757597 0.520268 
0.757603 0.551759 
0.757635 0.551146 
0.757641 0.551854 
0.757714 0.550483 
0.757762 0.592803 
0.757765 0.550671 
0.757814 0.548258 
0.757899 0.55041 
0.757974 0.551465 
0.758026 0.551219 
0.7581 0.5505 
0.758125 0.562123 
0.758132 0.550238 
0.758148 0.565664 
0.758159 0.551816 
0.758207 0.552632 
0.758231 0.514633 
0.758275 0.549674 
0.758355 0.547617 
0.758401 0.549421 
0.758402 0.550052 
0.758453 0.525546 
0.758477 0.551278 
0.758567 0.56348 
0.758584 0.54819 
0.758589 0.5635 
0.758646 0.55017 
0.758649 0.561039 
0.758672 0.550963 
0.758707 0.54925 
0.758769 0.548418 
0.758814 0.564505 
0.759011 0.548954 
0.759024 0.563138 
0.759083 0.563378 
0.759119 0.563319 
0.759123 0.563464 
0.759139 0.563415 
0.759149 0.56339 
0.759151 0.561566 
0.759152 0.563424 
0.759166 0.563355 
0.759166 0.563492 
0.759205 0.553042 
0.759207 0.563468 
0.759254 0.563404 
0.759267 0.560981 
0.759274 0.563089 
0.759275 0.563446 
0.759292 0.563305 
0.759302 0.563102 
0.759333 0.563636 
0.759359 0.563432 
0.759366 0.563343 
0.759386 0.561271 
0.759393 0.548557 
0.759411 0.561678 
0.759439 0.56105 
0.759477 0.562227 
0.759477 0.563307 
0.75948 0.549817 
0.75952 0.525852 
0.759548 0.561034 
0.759711 0.515287 
0.759723 0.563899 
0.759757 0.529307 
0.759765 0.552968 
0.75977 0.552961 
0.759816 0.5535 
0.759881 0.705581 
0.759896 0.551054 
0.759941 0.564244 
0.759942 0.528951 
0.759958 0.564281 
0.760048 0.525969 
0.760081 0.552224 
0.760125 0.565088 
0.76017 0.530091 
0.760212 0.551969 
0.760237 0.528999 
0.760372 0.551891 
0.760427 0.526212 
0.76044 0.529227 
0.760444 0.551834 
0.760485 0.55107 
0.760493 0.550257 
0.760504 0.529273 
0.760631 0.558834 
0.760724 0.550087 
0.760729 0.550761 
0.760769 0.551315 
0.760871 0.548629 
0.760925 0.549325 
0.760968 0.549323 
0.760987 0.559078 
0.761006 0.524405 
0.761028 0.550152 
0.76107 0.533225 
0.761076 0.559084 
0.761104 0.525548 
0.761218 0.549978 
0.761223 0.559425 
0.761228 0.559528 
0.761256 0.550965 
0.761259 0.559392 
0.761263 0.559508 
0.761292 0.55945 
0.761297 0.56789 
0.761304 0.524925 
0.761307 0.559458 
0.761308 0.560636 
0.76132 0.559444 
0.761326 0.560601 
0.76133 0.560671 
0.761331 0.560582 
0.761334 0.560635 
0.761337 0.560644 
0.761338 0.560586 
0.761341 0.560698 
0.761342 0.559013 
0.761342 0.559483 
0.761342 0.559533 
0.761343 0.559455 
0.761343 0.560642 
0.761344 0.559624 
0.761344 0.560602 
0.761345 0.560631 
0.761347 0.560605 
0.761349 0.560585 
0.761349 0.560628 
0.76135 0.56065 
0.761355 0.56062 
0.761355 0.560633 
0.761355 0.560639 
0.761356 0.560582 
0.761357 0.560631 
0.761361 0.559544 
0.761362 0.55945 
0.761362 0.559621 
0.761363 0.559511 
0.761364 0.559513 
0.761364 0.559539 
0.761364 0.560675 
0.761367 0.560616 
0.761367 0.560685 
0.761371 0.56062 
0.761371 0.560666 
0.761373 0.560596 
0.761376 0.559395 
0.761377 0.559416 
0.761377 0.560533 
0.761378 0.560575 
0.761383 0.56061 
0.761383 0.56067 
0.761383 0.560686 
0.761384 0.560606 
0.761386 0.559506 
0.761386 0.559522 
0.761386 0.560666 
0.761387 0.560643 
0.761389 0.559041 
0.76139 0.560673 
0.761391 0.560603 
0.761393 0.559036 
0.761393 0.560636 
0.761394 0.560632 
0.761397 0.559385 
0.761397 0.559503 
0.761398 0.559457 
0.761399 0.560647 
0.7614 0.551717 
0.761402 0.525931 
0.761402 0.560671 
0.761403 0.560642 
0.761405 0.560624 
0.761406 0.559399 
0.761408 0.560645 
0.761409 0.560587 
0.761409 0.560603 
0.761409 0.560672 
0.76141 0.559497 
0.761411 0.5595 
0.761412 0.560643 
0.761413 0.559503 
0.761415 0.559072 
0.761416 0.560604 
0.761417 0.560687 
0.761418 0.560651 
0.761419 0.560596 
0.76142 0.55958 
0.761421 0.560599 
0.761422 0.559408 
0.761422 0.559467 
0.761423 0.560643 
0.761424 0.550466 
0.761424 0.560609 
0.761425 0.560581 
0.761425 0.560691 
0.761426 0.560621 
0.761427 0.559409 
0.76143 0.559125 
0.761431 0.55955 
0.761436 0.560607 
0.761436 0.56065 
0.761439 0.560572 
0.761439 0.560665 
0.761442 0.559515 
0.761442 0.560649 
0.761444 0.559464 
0.761447 0.559503 
0.761449 0.56059 
0.761449 0.560643 
0.76145 0.520646 
0.76145 0.560638 
0.761452 0.559476 
0.761452 0.560611 
0.761454 0.559385 
0.761454 0.560613 
0.761455 0.559443 
0.761455 0.560616 
0.761455 0.560633 
0.761457 0.559478 
0.761461 0.559385 
0.761461 0.560649 
0.761462 0.559482 
0.761462 0.560619 
0.761464 0.560596 
0.76147 0.560635 
0.761475 0.559476 
0.761475 0.559543 
0.761475 0.560651 
0.761476 0.559478 
0.761476 0.55948 
0.761477 0.559591 
0.76148 0.559584 
0.761485 0.550345 
0.761485 0.560694 
0.761488 0.559501 
0.76149 0.559541 
0.761491 0.559543 
0.761493 0.550602 
0.761494 0.559585 
0.761496 0.55951 
0.761501 0.559515 
0.761515 0.559443 
0.761527 0.559401 
0.761529 0.55951 
0.761531 0.559509 
0.761534 0.559548 
0.761536 0.559511 
0.761538 0.559456 
0.761545 0.551134 
0.761553 0.55955 
0.761554 0.559564 
0.761558 0.559551 
0.761573 0.559593 
0.761583 0.559109 
0.761593 0.56477 
0.76163 0.55888 
0.76163 0.559827 
0.761639 0.559483 
0.761642 0.559969 
0.761705 0.551663 
0.761706 0.520695 
0.761708 0.551184 
0.761715 0.560125 
0.761718 0.560213 
0.761721 0.524104 
0.761746 0.561262 
0.761758 0.559182 
0.76176 0.559825 
0.761769 0.559697 
0.76177 0.560094 
0.761781 0.549297 
0.761784 0.559996 
0.761803 0.520664 
0.761803 0.559314 
0.761822 0.559805 
0.761859 0.56006 
0.761882 0.523828 
0.7619 0.55993 
0.761924 0.532705 
0.761931 0.520292 
0.761934 0.520575 
0.761956 0.559954 
0.762016 0.524282 
0.762103 0.559938 
0.762105 0.55984 
0.76216 0.559867 
0.762176 0.561158 
0.762178 0.520592 
0.762237 0.560057 
0.762254 0.394068 
0.762365 0.524357 
0.762366 0.561017 
0.762393 0.121138 
0.762402 0.557226 
0.762414 0.56778 
0.762442 0.56199 
0.762459 0.547964 
0.762531 0.557924 
0.762546 0.548214 
0.762553 0.556841 
0.76256 0.557903 
0.762577 0.558627 
0.762641 0.562287 
0.762659 0.562303 
0.762663 0.562895 
0.762748 0.55687 
0.762749 0.562269 
0.762793 0.562443 
0.762824 0.558455 
0.762828 0.558418 
0.762853 0.530422 
0.762861 0.549726 
0.762869 0.558477 
0.76288 0.565471 
0.762919 0.557606 
0.762923 0.558423 
0.762925 0.562231 
0.762943 0.558314 
0.762952 0.562333 
0.762963 0.56793 
0.762966 0.550249 
0.762967 0.558513 
0.762973 0.558451 
0.763011 0.562309 
0.763039 0.569418 
0.763054 0.548043 
0.763063 0.557081 
0.763091 0.696549 
0.763117 0.556807 
0.763121 0.556655 
0.763142 0.556934 
0.76337 0.550213 
0.763422 0.558379 
0.763512 0.550138 
0.763518 0.564513 
0.763522 0.531212 
0.763533 0.549264 
0.763535 0.558358 
0.763557 0.558448 
0.763683 0.559636 
0.763726 0.549941 
0.763742 0.559547 
0.763744 0.53925 
0.763826 0.549865 
0.76385 0.559258 
0.763869 0.559598 
0.763937 0.559364 
0.763972 0.564474 
0.764014 0.565033 
0.764106 0.538577 
0.764108 0.550454 
0.764121 0.563356 
0.764143 0.564536 
0.764203 0.559394 
0.764235 0.565548 
0.764275 0.558825 
0.764445 0.565655 
0.764526 0.536689 
0.764992 0.537406 
0.765096 0.539444 
0.765317 0.547121 
0.765386 0.539535 
0.765392 0.568385 
0.765436 0.538412 
0.76546 0.569869 
0.765619 0.54683 
0.765671 0.546747 
0.765684 0.568094 
0.765744 0.539338 
0.765815 0.549273 
0.765854 0.5347 
0.765946 0.539047 
0.766041 0.539161 
0.76612 0.56791 
0.766844 0.671479 
0.766854 0.539574 
0.76691 0.54657 
0.767026 0.534841 
0.76716 0.420377 
0.767293 0.546697 
0.767418 0.550956 
0.767431 0.560753 
0.76744 0.5385 
0.767449 0.539143 
0.767491 0.547353 
0.767511 0.538517 
0.767577 0.668193 
0.767584 0.670834 
0.768012 0.668714 
0.768112 0.671448 
0.768128 0.538641 
0.76825 0.538528 
0.768292 0.547953 
0.768378 0.670832 
0.768397 0.670816 
0.76842 0.541206 
0.768443 0.685921 
0.768473 0.670922 
0.768502 0.511279 
0.76852 0.800412 
0.768574 0.671162 
0.768637 0.670798 
0.768803 0.510516 
0.768845 0.548811 
0.768872 0.510765 
0.76894 0.510505 
0.768954 0.511152 
0.768965 0.510518 
0.768967 0.510699 
0.768978 0.510285 
0.769 0.510858 
0.769019 0.511023 
0.76904 0.511179 
0.769042 0.511064 
0.769061 0.510284 
0.769097 0.51059 
0.769123 0.561604 
0.769169 0.510983 
0.76917 0.510351 
0.769172 0.510907 
0.769177 0.511087 
0.769186 0.561619 
0.76919 0.553659 
0.769193 0.510773 
0.769202 0.575305 
0.769204 0.561359 
0.769235 0.562821 
0.769239 0.562951 
0.769255 0.686097 
0.769291 0.56146 
0.769293 0.561044 
0.769306 0.510567 
0.76931 0.562942 
0.769316 0.576403 
0.769329 0.562803 
0.769331 0.560931 
0.769351 0.668643 
0.769354 0.561114 
0.769356 0.562558 
0.769378 0.697727 
0.769402 0.562914 
0.769412 0.562802 
0.769427 0.510648 
0.769461 0.511026 
0.769501 0.557185 
0.76952 0.562913 
0.769537 0.562815 
0.769546 0.562744 
0.769555 0.510121 
0.769559 0.510366 
0.769562 0.719006 
0.769584 0.510863 
0.769594 0.562657 
0.769595 0.561275 
0.769622 0.510307 
0.769624 0.562723 
0.769653 0.561624 
0.769733 0.510453 
0.76978 0.575461 
0.769786 0.511028 
0.769841 0.673886 
0.76993 0.671753 
0.769956 0.558622 
0.769977 0.676867 
0.770015 0.560838 
0.770046 0.533383 
0.770061 0.555936 
0.770096 0.735669 
0.770112 0.559368 
0.770124 0.674024 
0.770197 0.555771 
0.770219 0.671747 
0.770295 0.533434 
0.770302 0.667693 
0.770314 0.533247 
0.770335 0.558819 
0.770351 0.673977 
0.770373 0.560031 
0.770406 0.666237 
0.770407 0.533435 
0.770407 0.555821 
0.770474 0.533393 
0.770515 0.53325 
0.770548 0.533605 
0.770561 0.533338 
0.770563 0.547498 
0.77059 0.554438 
0.770592 0.533199 
0.770599 0.673766 
0.770605 0.556527 
0.770611 0.533305 
0.770613 0.5562 
0.770634 0.556281 
0.770652 0.533377 
0.770791 0.533291 
0.770826 0.662709 
0.770826 0.713246 
0.770834 0.533292 
0.770897 0.554559 
0.770915 0.574689 
0.771001 0.533235 
0.771041 0.560107 
0.771122 0.527996 
0.771209 0.528201 
0.771267 0.549771 
0.771293 0.527988 
0.771302 0.528191 
0.771321 0.554481 
0.771351 0.528074 
0.771361 0.528057 
0.771367 0.528 
0.771378 0.528182 
0.771392 0.527846 
0.771393 0.512558 
0.771411 0.527922 
0.771418 0.528041 
0.771422 0.559875 
0.771423 0.561983 
0.771428 0.527848 
0.771442 0.528083 
0.771446 0.52803 
0.771461 0.52812 
0.77149 0.560485 
0.771509 0.52791 
0.771527 0.667139 
0.771535 0.554964 
0.771538 0.555021 
0.771542 0.5279 
0.771545 0.52784 
0.771545 0.527856 
0.771551 0.528126 
0.771563 0.561104 
0.771566 0.527981 
0.771576 0.527881 
0.771594 0.527836 
0.771597 0.52802 
0.771624 0.5281 
0.771626 0.527959 
0.771649 0.528064 
0.771652 0.528132 
0.771654 0.554588 
0.77169 0.528162 
0.771703 0.527878 
0.771719 0.528008 
0.77172 0.528001 
0.771744 0.527986 
0.771746 0.554592 
0.771773 0.674679 
0.771778 0.527989 
0.771782 0.561248 
0.771786 0.527842 
0.771793 0.528157 
0.771794 0.554994 
0.7718 0.513244 
0.771806 0.527747 
0.771812 0.673627 
0.771826 0.560947 
0.771832 0.554656 
0.771835 0.667437 
0.771844 0.555115 
0.771875 0.666934 
0.771896 0.527986 
0.77191 0.528118 
0.771911 0.52796 
0.771929 0.667495 
0.771942 0.554502 
0.771982 0.512254 
0.772 0.528066 
0.772004 0.527895 
0.772112 0.554851 
0.77216 0.559739 
0.772168 0.560033 
0.772181 0.53828 
0.77224 0.533388 
0.772319 0.546574 
0.772356 0.672141 
0.772454 0.668497 
0.772477 0.568068 
0.772486 0.53547 
0.772551 0.559634 
0.772683 0.567968 
0.772749 0.484965 
0.772763 0.448038 
0.772878 0.560003 
0.772934 0.562489 
0.77294 0.494807 
0.772945 0.533412 
0.772958 0.550124 
0.772959 0.560338 
0.772966 0.56701 
0.773045 0.494844 
0.773131 0.560328 
0.773152 0.533963 
0.773159 0.568304 
0.77316 0.547087 
0.773164 0.546533 
0.77317 0.495042 
0.773176 0.56054 
0.773183 0.562069 
0.773208 0.485072 
0.773217 0.561519 
0.773236 0.493478 
0.773253 0.533655 
0.773291 0.562246 
0.773304 0.512476 
0.773306 0.493969 
0.773359 0.671679 
0.77336 0.546765 
0.773394 0.514025 
0.773453 0.494723 
0.77349 0.533658 
0.773517 0.56159 
0.77352 0.562173 
0.773525 0.567855 
0.773527 0.562133 
0.773573 0.485746 
0.773575 0.53359 
0.773583 0.485811 
0.773594 0.559912 
0.77364 0.50037 
0.773672 0.53685 
0.773685 0.668885 
0.77372 0.666054 
0.773733 0.494575 
0.773813 0.562232 
0.773835 0.513168 
0.773843 0.533685 
0.773912 0.562103 
0.773919 0.525736 
0.773928 0.536589 
0.773931 0.560054 
0.773958 0.561624 
0.774036 0.66687 
0.77408 0.546777 
0.774085 0.562274 
0.77413 0.535217 
0.774155 0.678973 
0.774161 0.572771 
0.774199 0.669459 
0.774299 0.676295 
0.774309 0.681592 
0.774312 0.555889 
0.774317 0.545514 
0.774457 0.556314 
0.774493 0.538424 
0.774511 0.556453 
0.774522 0.57199 
0.774568 0.555573 
0.77457 0.55591 
0.774608 0.678027 
0.77461 0.555829 
0.774618 0.556088 
0.77462 0.556081 
0.774639 0.538334 
0.774643 0.555988 
0.77465 0.451163 
0.774688 0.55607 
0.774757 0.513854 
0.774782 0.486156 
0.774802 0.574593 
0.774803 0.556518 
0.774814 0.55619 
0.77482 0.554397 
0.774849 0.556021 
0.774861 0.442824 
0.774864 0.556141 
0.774894 0.555778 
0.77493 0.555187 
0.774936 0.562654 
0.774937 0.513056 
0.774954 0.518179 
0.774956 0.562 
0.775014 0.556015 
0.775097 0.486346 
0.7751 0.563094 
0.775111 0.556099 
0.775143 0.526654 
0.775159 0.434644 
0.7752 0.554646 
0.775224 0.498433 
0.775238 0.526714 
0.775301 0.49681 
0.775304 0.561898 
0.775335 0.554585 
0.775386 0.485667 
0.775436 0.506248 
0.775467 0.562701 
0.775541 0.536456 
0.775575 0.561928 
0.775582 0.554495 
0.775596 0.435825 
0.775752 0.554919 
0.775843 0.564641 
0.775936 0.53395 
0.77594 0.52584 
0.776019 0.562867 
0.776027 0.554274 
0.776039 0.555238 
0.776079 0.534183 
0.776149 0.554934 
0.776174 0.434749 
0.776194 0.534126 
0.776216 0.555034 
0.776217 0.577015 
0.776247 0.518827 
0.776271 0.555334 
0.776281 0.555027 
0.776297 0.555255 
0.776319 0.555105 
0.776336 0.554907 
0.776341 0.555256 
0.776346 0.555045 
0.776359 0.533811 
0.776371 0.435284 
0.776387 0.554816 
0.776394 0.555057 
0.776459 0.555376 
0.776467 0.555112 
0.776474 0.527459 
0.776488 0.55477 
0.7765 0.534137 
0.776522 0.554796 
0.776529 0.518167 
0.776529 0.555291 
0.77655 0.554856 
0.776569 0.526109 
0.776599 0.554802 
0.776602 0.55471 
0.776608 0.554898 
0.776623 0.573518 
0.776639 0.564733 
0.77665 0.533496 
0.776652 0.434845 
0.776661 0.573401 
0.776699 0.554665 
0.77671 0.555536 
0.776735 0.539574 
0.776748 0.554948 
0.776777 0.518566 
0.776842 0.553666 
0.776862 0.554957 
0.776871 0.576092 
0.776908 0.57456 
0.776974 0.518844 
0.776997 0.562313 
0.777076 0.532355 
0.777077 0.668053 
0.777165 0.434785 
0.777167 0.828356 
0.777189 0.455734 
0.77719 0.555849 
0.777211 0.554548 
0.777291 0.518259 
0.777322 0.435215 
0.777333 0.921057 
0.777489 0.555235 
0.777544 0.572443 
0.777551 0.562554 
0.777564 0.532457 
0.777605 0.441728 
0.777605 0.556188 
0.777695 0.531722 
0.777758 0.532004 
0.777814 0.532353 
0.778008 0.54815 
0.778131 0.547563 
0.778164 0.532257 
0.778168 0.683585 
0.778273 0.559043 
0.77834 0.567387 
0.778404 0.830443 
0.778521 0.544928 
0.778641 0.433784 
0.778813 0.56002 
0.778817 0.567943 
0.778841 0.566634 
0.778989 0.570556 
0.779018 0.558329 
0.779019 0.548519 
0.779049 0.5597 
0.779118 0.559185 
0.779125 0.559153 
0.779138 0.559128 
0.779201 0.560182 
0.779232 0.433792 
0.779237 0.678039 
0.779246 0.549455 
0.779301 0.560856 
0.779307 0.559757 
0.779327 0.549593 
0.779336 0.55963 
0.779337 0.545448 
0.779348 0.559342 
0.779442 0.559506 
0.779651 0.559475 
0.779705 0.559745 
0.779861 0.651613 
0.779863 0.549363 
0.779881 0.559451 
0.779907 0.568139 
0.779952 0.560218 
0.779967 0.559196 
0.779973 0.55727 
0.7801 0.557706 
0.780114 0.540673 
0.780123 0.559897 
0.780214 0.538816 
0.78022 0.556905 
0.780258 0.543442 
0.780296 0.566192 
0.780414 0.557234 
0.780518 0.556733 
0.780598 0.568304 
0.780731 0.557032 
0.780759 0.559892 
0.780878 0.55748 
0.780929 0.535146 
0.781255 0.455254 
0.781625 0.521834 
0.781661 0.55738 
0.781779 0.55936 
0.78179 0.558358 
0.782038 0.557768 
0.782101 0.520722 
0.782114 0.559579 
0.78213 0.559068 
0.782167 0.554197 
0.782208 0.54207 
0.782359 0.542309 
0.782375 0.521778 
0.782596 0.55759 
0.782596 0.559163 
0.78261 0.542263 
0.782807 0.558651 
0.78285 0.558315 
0.782864 0.559354 
0.783013 0.559374 
0.783017 0.474506 
0.783027 0.558192 
0.783106 0.559917 
0.7832 0.628362 
0.783423 0.627161 
0.78357 0.629248 
0.783604 0.629052 
0.783617 0.560881 
0.783815 0.474129 
0.783952 0.630027 
0.783968 0.628383 
0.784081 0.474247 
0.784174 0.631926 
0.784178 0.47433 
0.784197 0.474472 
0.784221 0.629875 
0.78423 0.630084 
0.784272 0.63015 
0.784275 0.474664 
0.784284 0.571368 
0.784308 0.629697 
0.78432 0.628412 
0.78444 0.628512 
0.784447 0.629001 
0.784484 0.628416 
0.784504 0.629153 
0.784553 0.571832 
0.784555 0.628816 
0.784646 0.628314 
0.784743 0.62866 
0.784823 0.629446 
0.784845 0.62873 
0.784884 0.542993 
0.784937 0.519819 
0.784949 0.628628 
0.784954 0.629126 
0.785002 0.519383 
0.78507 0.627419 
0.785203 0.628006 
0.785227 0.636245 
0.785237 0.626849 
0.785289 0.636108 
0.78556 0.486563 
0.785616 0.48617 
0.785764 0.633072 
0.785848 0.543409 
0.785927 0.634143 
0.785938 0.627618 
0.785959 0.487315 
0.786346 0.664037 
0.786496 0.564832 
0.786535 0.565292 
0.78654 0.565136 
0.786601 0.52061 
0.786604 0.564575 
0.786634 0.564732 
0.786864 0.564463 
0.786912 0.563143 
0.78707 0.563777 
0.787192 0.446421 
0.787319 0.545534 
0.787634 0.632917 
0.787789 0.636571 
0.788229 0.662 
0.788355 0.494048 
0.789305 0.493672 
0.7895 0.674117 
0.7896 0.456579 
0.789758 0.494787 
0.790224 0.666528 
0.790422 0.510269 
0.790427 0.430147 
0.790762 0.435719 
0.791042 0.446845 
0.791042 0.510944 
0.791085 0.510101 
0.791125 0.508741 
0.791154 0.430677 
0.791178 0.508697 
0.791251 0.511377 
0.791277 0.567442 
0.79136 0.510498 
0.791415 0.509037 
0.791429 0.56886 
0.791505 0.510503 
0.791532 0.51056 
0.791601 0.511005 
0.79161 0.568823 
0.791638 0.509311 
0.791646 0.566532 
0.79175 0.511125 
0.79179 0.671359 
0.791865 0.568248 
0.79191 0.480966 
0.792073 0.566998 
0.792085 0.50775 
0.792086 0.430686 
0.792256 0.508944 
0.792335 0.564356 
0.79235 0.480657 
0.792378 0.50861 
0.792395 0.508364 
0.792425 0.503946 
0.792484 0.508483 
0.792499 0.633191 
0.792506 0.566916 
0.792627 0.504007 
0.792686 0.508155 
0.792826 0.508312 
0.792869 0.504183 
0.793126 0.504756 
0.793161 0.504177 
0.793169 0.5043 
0.79319 0.508462 
0.793472 0.504603 
0.793475 0.50431 
0.793586 0.509159 
0.793597 0.504065 
0.793627 0.509145 
0.793751 0.503859 
0.793816 0.505123 
0.793855 0.503671 
0.793896 0.503868 
0.793919 0.504908 
0.794038 0.504316 
0.794271 0.50412 
0.794987 0.498869 
0.795142 0.640847 
0.795184 0.47513 
0.795235 0.509662 
0.795319 0.498306 
0.795344 0.509402 
0.795458 0.509797 
0.795523 0.498625 
0.795674 0.498954 
0.795718 0.509919 
0.795821 0.497998 
0.795853 0.499209 
0.795921 0.568618 
0.796016 0.508513 
0.796092 0.602883 
0.796131 0.509453 
0.796219 0.474452 
0.796264 0.56774 
0.796403 0.731069 
0.796786 0.758661 
0.796873 0.51008 
0.796991 0.499318 
0.797088 0.500781 
0.797195 0.474499 
0.797196 0.512607 
0.797301 0.600803 
0.797359 0.600221 
0.797421 0.600401 
0.797541 0.524105 
0.797597 0.735236 
0.797624 0.600537 
0.797646 0.600676 
0.797669 0.489889 
0.797741 0.4744 
0.798033 0.600144 
0.798041 0.522557 
0.79813 0.52239 
0.798143 0.600762 
0.798161 0.599884 
0.79817 0.522746 
0.79819 0.521868 
0.798202 0.523111 
0.798236 0.599459 
0.79836 0.600388 
0.798365 0.523619 
0.798379 0.60101 
0.798391 0.600016 
0.798419 0.602454 
0.798421 0.522395 
0.798439 0.6003 
0.798441 0.526225 
0.798454 0.523097 
0.798497 0.53167 
0.798517 0.600734 
0.798525 0.531579 
0.798561 0.530895 
0.798578 0.599423 
0.798607 0.530569 
0.798647 0.522855 
0.798667 0.601328 
0.798737 0.486304 
0.79875 0.5227 
0.798758 0.530453 
0.798761 0.602052 
0.798775 0.530996 
0.798776 0.60339 
0.798781 0.601704 
0.798799 0.613717 
0.798826 0.530673 
0.798834 0.531473 
0.798859 0.531754 
0.798911 0.603939 
0.798916 0.531708 
0.798921 0.531054 
0.798923 0.531577 
0.798934 0.600425 
0.798973 0.531282 
0.798973 0.531379 
0.798975 0.529295 
0.798976 0.527469 
0.799025 0.489453 
0.799027 0.513222 
0.799042 0.522773 
0.799045 0.531762 
0.799084 0.530667 
0.799114 0.523302 
0.799128 0.665075 
0.799149 0.525728 
0.799179 0.530728 
0.799196 0.531756 
0.799213 0.601394 
0.799216 0.603398 
0.799248 0.520326 
0.799252 0.530767 
0.799258 0.525871 
0.799272 0.531154 
0.799281 0.531435 
0.799312 0.79283 
0.799339 0.531444 
0.799418 0.531019 
0.799424 0.531188 
0.799445 0.531174 
0.799446 0.604446 
0.799476 0.52037 
0.799478 0.60807 
0.799527 0.531516 
0.79953 0.529299 
0.799571 0.531351 
0.799628 0.509088 
0.799632 0.603537 
0.799726 0.527085 
0.799745 0.487395 
0.79975 0.531826 
0.799761 0.486212 
0.799785 0.527924 
0.799796 0.525817 
0.799809 0.523801 
0.79983 0.603506 
0.799833 0.520291 
0.799839 0.486709 
0.799899 0.621424 
0.799909 0.530932 
0.800039 0.486896 
0.800042 0.607226 
0.800056 0.486356 
0.800092 0.525526 
0.800155 0.487377 
0.800165 0.526436 
0.800229 0.519904 
0.800258 0.606853 
0.800353 0.508271 
0.800375 0.524986 
0.800387 0.513428 
0.800401 0.516818 
0.80053 0.598794 
0.800591 0.519121 
0.800598 0.599293 
0.800624 0.50235 
0.800692 0.519745 
0.800745 0.59904 
0.800888 0.606214 
0.800979 0.520617 
0.800982 0.606672 
0.800985 0.517743 
0.801015 0.524565 
0.801059 0.526257 
0.801152 0.607559 
0.801207 0.29226 
0.801208 0.640788 
0.801245 0.598773 
0.801336 0.519406 
0.801359 0.512169 
0.801392 0.517245 
0.801725 0.606252 
0.801825 0.603982 
0.801841 0.48653 
0.801848 0.509249 
0.802011 0.606962 
0.802086 0.532126 
0.80215 0.606613 
0.802241 0.606642 
0.802247 0.515491 
0.802281 0.606553 
0.802325 0.532663 
0.802502 0.514245 
0.802548 0.518748 
0.802605 0.607692 
0.802695 0.0793131 
0.802723 0.509101 
0.802744 0.685088 
0.802751 0.534155 
0.802806 0.533689 
0.802844 0.603893 
0.802864 0.53381 
0.802898 0.534609 
0.80297 0.530932 
0.803032 0.610646 
0.803069 0.603929 
0.803115 0.739732 
0.803131 0.534321 
0.803197 0.532543 
0.803364 0.533782 
0.803364 0.534219 
0.803428 0.532935 
0.803482 0.611587 
0.8035 0.534589 
0.803517 0.534411 
0.803566 0.533215 
0.803603 0.534328 
0.803608 0.533785 
0.803641 0.513395 
0.803645 0.534954 
0.803664 0.610923 
0.803674 0.534578 
0.803711 0.534138 
0.803712 0.606659 
0.803752 0.533996 
0.803755 0.611218 
0.803784 0.604929 
0.803808 0.612082 
0.803816 0.534239 
0.803822 0.5231 
0.80388 0.53347 
0.804058 0.518984 
0.804069 0.513073 
0.804084 0.534696 
0.804105 0.524432 
0.804114 0.489486 
0.804199 0.534128 
0.804239 0.529237 
0.804254 0.522612 
0.804326 0.681697 
0.804425 0.53445 
0.804427 0.604029 
0.804456 0.610117 
0.804534 0.533588 
0.804671 0.52928 
0.804755 0.52906 
0.804759 0.516297 
0.804816 0.529 
0.804963 0.535234 
0.805067 0.603671 
0.805103 0.521329 
0.805117 0.716966 
0.805398 0.535598 
0.805424 0.490478 
0.805449 0.536177 
0.80574 0.516839 
0.805782 0.494586 
0.805825 0.601507 
0.805862 0.489026 
0.805963 0.607196 
0.806044 0.534437 
0.806217 0.518032 
0.806221 0.61211 
0.806308 0.535789 
0.806317 0.535773 
0.806551 0.603074 
0.806563 0.534148 
0.80659 0.604657 
0.806665 0.534143 
0.806722 0.535098 
0.806754 0.535277 
0.806777 0.533953 
0.8068 0.494947 
0.806807 0.495876 
0.80681 0.535835 
0.806887 0.535827 
0.806905 0.535335 
0.806972 0.536488 
0.806977 0.533054 
0.807035 0.531211 
0.807035 0.535501 
0.807153 0.60443 
0.80716 0.535461 
0.807177 0.520786 
0.80718 0.534598 
0.807232 0.533262 
0.807282 0.533977 
0.807288 0.535148 
0.807355 0.534973 
0.807379 0.514808 
0.807401 0.505413 
0.80751 0.535384 
0.807511 0.5347 
0.807532 0.602977 
0.807604 0.534962 
0.807942 0.610521 
0.807947 0.528523 
0.808005 0.534183 
0.808083 0.523183 
0.808222 0.505539 
0.808236 0.527963 
0.808261 0.523078 
0.808397 0.522734 
0.808465 0.522161 
0.808566 0.477726 
0.80859 0.522568 
0.808667 0.522562 
0.808745 0.516807 
0.808756 0.535898 
0.80884 0.522725 
0.808909 0.602458 
0.808935 0.532986 
0.808977 0.517658 
0.808982 0.49494 
0.809067 0.534773 
0.809266 0.607458 
0.809317 0.523412 
0.809382 0.535567 
0.809392 0.534928 
0.809451 0.483647 
0.809499 0.51521 
0.809528 0.522795 
0.809574 0.608095 
0.809669 0.522753 
0.809693 0.605078 
0.809821 0.536875 
0.809862 0.671761 
0.809888 0.511215 
0.809941 0.703955 
0.809945 0.527772 
0.81009 0.536179 
0.810126 0.495663 
0.810145 0.599841 
0.810247 0.532352 
0.810265 0.536179 
0.81038 0.535878 
0.810395 0.533651 
0.810444 0.522494 
0.810559 0.522788 
0.810563 0.535082 
0.8106 0.533406 
0.810774 0.533997 
0.810933 0.52295 
0.810954 0.533491 
0.811007 0.496205 
0.811009 0.510917 
0.811011 0.523864 
0.811016 0.534116 
0.811139 0.60438 
0.811234 0.595734 
0.811369 0.613224 
0.81149 0.523422 
0.811536 0.532624 
0.811576 0.526365 
0.81159 0.522962 
0.811804 0.671969 
0.811845 0.523345 
0.811959 0.527833 
0.812033 0.477527 
0.812166 0.526351 
0.81227 0.524041 
0.812322 0.837436 
0.812437 0.533768 
0.812492 0.598097 
0.812607 0.597863 
0.812611 0.535602 
0.81265 0.510798 
0.812739 0.533584 
0.812754 0.598002 
0.81295 0.668377 
0.812967 0.518048 
0.813186 0.601865 
0.813234 0.602364 
0.813245 0.612069 
0.81335 0.5974 
0.813405 0.590902 
0.813526 0.597301 
0.813554 0.524733 
0.813658 0.598579 
0.813687 0.478077 
0.813693 0.532965 
0.813739 0.597994 
0.813808 0.602214 
0.813809 0.601653 
0.813824 0.60216 
0.813834 0.465736 
0.81385 0.597279 
0.813997 0.482933 
0.814017 0.51825 
0.814058 0.491501 
0.814117 0.598343 
0.814244 0.592152 
0.814272 0.601761 
0.814331 0.611098 
0.814366 0.598618 
0.814475 0.591605 
0.814628 0.519627 
0.814643 0.591318 
0.814661 0.535532 
0.814777 0.670223 
0.814939 0.598032 
0.814986 0.591798 
0.815018 0.670705 
0.815095 0.596962 
0.81522 0.599014 
0.8153 0.60276 
0.815302 0.602252 
0.815613 0.591752 
0.81576 0.596726 
0.815794 0.59179 
0.815802 0.494275 
0.815888 0.616198 
0.816034 0.591436 
0.816098 0.670112 
0.81668 0.592661 
0.81698 0.468357 
0.817033 0.532493 
0.817348 0.603677 
0.81747 0.507536 
0.817554 0.524912 
0.817633 0.599178 
0.81783 0.485712 
0.817959 0.606283 
0.817985 0.606486 
0.81809 0.603731 
0.818189 0.532875 
0.818317 0.487407 
0.818403 0.601823 
0.818451 0.502721 
0.818551 0.508715 
0.818608 0.508056 
0.818687 0.83632 
0.818912 0.53245 
0.81927 0.662681 
0.820054 0.494817 
0.82031 0.594006 
0.82057 0.526749 
0.821136 0.591447 
0.821413 0.618376 
0.82167 0.463228 
0.821993 0.609924 
0.822043 0.595767 
0.822244 0.475616 
0.822304 0.488917 
0.822312 0.493813 
0.822376 0.610216 
0.822422 0.491311 
0.822525 0.609066 
0.822659 0.523554 
0.822852 0.596535 
0.82287 0.595648 
0.822876 0.523387 
0.82301 0.59607 
0.8231 0.595383 
0.823204 0.596453 
0.823274 0.595735 
0.823304 0.596091 
0.823325 0.586327 
0.823337 0.590487 
0.823398 0.60879 
0.823401 0.596803 
0.823434 0.659984 
0.823441 0.595937 
0.823682 0.596155 
0.823855 0.59604 
0.823982 0.596407 
0.824013 0.596743 
0.82431 0.596967 
0.824443 0.596742 
0.824575 0.476806 
0.825247 0.582868 
0.825345 0.522716 
0.825434 0.611274 
0.825695 0.519987 
0.826026 0.612265 
0.826233 0.595976 
0.826329 0.51885 
0.826438 0.587004 
0.826544 0.616437 
0.826651 0.584734 
0.826922 0.585471 
0.826937 0.585126 
0.827009 0.615966 
0.827012 0.582887 
0.827176 0.584146 
0.827345 0.583896 
0.828018 0.583923 
0.828301 0.516635 
0.828312 0.589901 
0.828679 0.593975 
0.828876 0.771519 
0.829405 0.596196 
0.829504 0.727118 
0.830195 0.514646 
0.830289 0.74899 
0.830622 0.517535 
0.830808 0.60842 
0.831387 0.585005 
0.83155 0.812949 
0.831934 0.595275 
0.832608 0.510158 
0.832886 0.645611 
0.833057 0.509029 
0.833298 0.644159 
0.834089 0.596102 
0.835107 0.582602 
0.835447 0.344015 
0.837454 0.44313 
0.840158 0.580059 
0.841657 0.588437 
0.841682 0.586565 
0.841887 0.585828 
0.842021 0.64797 
0.84204 0.645484 
0.842093 0.647519 
0.842286 0.45346 
0.842514 0.645858 
0.842587 0.763824 
0.842634 0.586178 
0.842663 0.814244 
0.84282 0.585175 
0.842996 0.582645 
0.843102 0.393921 
0.843162 0.585635 
0.843409 0.584701 
0.843551 0.586143 
0.84589 0.750596 
0.861299 0.691165 
0.863215 0.746359 
0.863375 0.580643 
0.867078 0.571783 
0.885185 0.721723 
0.886647 0.612426 
0.892907 0.489571 
0.897499 0.672555 
0.899098 0.385646 
0.902119 0.798018 
0.914096 0.315715 
0.924327 0.557721 
0.929179 0.541083 
0.939007 0.506012 
0.945968 0.636266 
0.965127 0.620552 
0.987165 0.712221 
0.991099 0.685815 
1 0.207682 
