0 0.920973 
0.0137627 1.0039 
0.0440296 0.787438 
0.0804621 0.90846 
0.0807323 0.913257 
0.0880507 1.09725 
0.0908471 0.892859 
0.102591 1.0203 
0.128825 0.804828 
0.181249 0.965434 
0.186771 1.03026 
0.188683 0.943438 
0.191615 0.696068 
0.191937 0.952979 
0.1931 1.15054 
0.194819 0.997309 
0.195074 0.945356 
0.199019 1.16142 
0.202722 1.17451 
0.203085 1.15951 
0.208506 0.715088 
0.211593 1.01736 
0.213194 1.15787 
0.213601 0.705768 
0.225048 1.22226 
0.226262 1.10969 
0.226355 1.11139 
0.22905 1.20528 
0.231295 0.800126 
0.234971 0.952223 
0.239539 0.788717 
0.242854 0.800691 
0.245161 1.01951 
0.245869 1.08597 
0.245929 1.01931 
0.24597 1.05936 
0.246357 1.05956 
0.246443 1.08461 
0.246522 1.05917 
0.246592 1.08455 
0.246759 1.0599 
0.246827 1.05903 
0.246831 1.0845 
0.247154 1.0596 
0.247188 1.08422 
0.247203 1.0597 
0.247349 1.06065 
0.247364 1.05977 
0.247437 1.05926 
0.247602 1.06011 
0.247711 1.05948 
0.248094 1.08549 
0.248692 1.08302 
0.249413 1.08321 
0.249527 1.08429 
0.249852 1.08601 
0.249868 1.08479 
0.250115 1.08383 
0.252201 1.10008 
0.252639 1.09886 
0.253898 1.10179 
0.254161 1.10178 
0.260974 1.08788 
0.260983 0.926323 
0.261037 1.08752 
0.261943 1.08592 
0.262161 1.08555 
0.262291 1.08535 
0.262608 1.0856 
0.269455 1.06808 
0.270336 1.0684 
0.271267 1.06788 
0.271426 1.06831 
0.271865 1.06781 
0.271884 1.068 
0.272311 1.16483 
0.272911 1.16604 
0.276652 1.05496 
0.277134 1.05351 
0.281446 1.15486 
0.282754 1.15233 
0.284052 1.10562 
0.286364 1.14844 
0.286644 0.918164 
0.287246 1.15549 
0.287344 1.14296 
0.287582 0.855482 
0.289655 1.04262 
0.290812 1.085 
0.291155 1.02754 
0.291157 1.02702 
0.291229 0.918128 
0.29129 1.02704 
0.29133 1.02718 
0.291346 1.02708 
0.291366 1.02707 
0.291408 1.0273 
0.291529 1.0851 
0.292048 1.13996 
0.292235 0.919189 
0.293107 1.10766 
0.293286 1.10835 
0.293345 0.922285 
0.293505 1.06227 
0.2936 1.0622 
0.293756 0.922315 
0.293903 0.922838 
0.294372 1.13227 
0.294407 1.10223 
0.294987 1.10224 
0.29508 1.03883 
0.296364 1.11243 
0.296476 1.11175 
0.296735 1.13285 
0.296869 1.07915 
0.296929 1.10814 
0.297089 1.0789 
0.297436 1.05062 
0.297553 1.10769 
0.298025 1.10523 
0.298466 1.05943 
0.298563 1.10442 
0.298617 1.04805 
0.298691 1.07189 
0.298842 1.05918 
0.298938 1.07237 
0.299474 1.12505 
0.29958 1.10987 
0.299645 1.09769 
0.299712 1.09771 
0.299907 1.07786 
0.299908 1.08421 
0.299937 1.08443 
0.300202 1.09433 
0.30021 1.0945 
0.30026 1.08459 
0.30043 1.09409 
0.300466 1.07791 
0.300469 1.09431 
0.30049 1.08443 
0.300512 1.09422 
0.300666 1.17166 
0.300761 1.09534 
0.301154 1.09528 
0.301201 1.09247 
0.301203 1.10209 
0.301244 1.09249 
0.301249 1.09252 
0.301251 1.0925 
0.301264 1.09382 
0.301669 1.20095 
0.301715 1.09186 
0.301957 1.09191 
0.302155 1.0908 
0.302202 1.0907 
0.302234 1.09084 
0.302254 1.09074 
0.302266 1.18834 
0.302268 1.09086 
0.302271 1.09077 
0.302307 1.09057 
0.302356 1.09061 
0.302365 1.09078 
0.302371 1.09075 
0.302403 1.09081 
0.302445 1.09066 
0.302464 1.09089 
0.3025 1.09078 
0.302523 1.16725 
0.302732 1.09439 
0.302901 1.2131 
0.303165 1.07669 
0.303203 1.07759 
0.30327 1.09837 
0.303331 1.11593 
0.303588 1.04229 
0.30377 1.04184 
0.303787 1.04245 
0.303882 1.04212 
0.304 1.22402 
0.304071 1.04242 
0.304184 1.04228 
0.304247 1.11159 
0.304263 1.04234 
0.304295 1.15388 
0.304617 1.11245 
0.304766 1.12883 
0.304918 1.0665 
0.305574 1.05619 
0.305591 1.05622 
0.305599 1.05616 
0.305642 1.05628 
0.305659 1.05614 
0.305664 1.05616 
0.305673 1.05605 
0.305681 1.05635 
0.305726 1.05606 
0.30575 1.05615 
0.30575 1.05635 
0.305755 1.05585 
0.305768 1.0563 
0.305772 1.05613 
0.305788 1.05619 
0.305806 1.05632 
0.305817 1.05622 
0.305844 1.0563 
0.305886 1.05631 
0.305905 1.05643 
0.305906 1.05613 
0.305906 1.0563 
0.305908 1.05597 
0.305925 1.05601 
0.305925 1.05625 
0.305938 1.0562 
0.305945 1.05619 
0.306015 1.05645 
0.306021 1.05632 
0.306063 1.05624 
0.306132 1.05642 
0.30618 1.0672 
0.306183 1.05616 
0.306385 1.10853 
0.306853 1.07314 
0.30703 1.23596 
0.307119 1.07298 
0.307187 1.02536 
0.307835 1.02535 
0.30801 1.02653 
0.308806 1.21685 
0.309614 1.07843 
0.309939 1.07823 
0.310187 1.09538 
0.310339 1.10048 
0.310442 1.09394 
0.31047 1.06497 
0.31047 1.07771 
0.310552 1.0646 
0.310677 1.07771 
0.311105 1.09409 
0.311254 1.06375 
0.311453 1.09514 
0.312093 1.09144 
0.312211 1.06334 
0.312251 1.0917 
0.312541 1.08946 
0.312754 1.08793 
0.313237 1.08941 
0.313329 1.08942 
0.313343 1.08913 
0.31347 1.08934 
0.313516 1.08934 
0.313552 1.08933 
0.314012 0.84534 
0.314551 0.846195 
0.316312 1.07745 
0.316443 0.844344 
0.316479 1.05335 
0.316529 1.05323 
0.316544 1.07801 
0.316559 1.05312 
0.316608 1.05312 
0.31663 1.05319 
0.316636 1.05327 
0.316643 1.05309 
0.316647 1.0531 
0.31665 1.05301 
0.316717 1.05314 
0.316725 1.05312 
0.316734 1.05329 
0.31674 1.05322 
0.31686 1.053 
0.31734 1.06274 
0.317391 1.06272 
0.317449 1.06283 
0.317473 1.0415 
0.317481 1.06265 
0.317495 1.06281 
0.317499 1.0628 
0.317507 1.06275 
0.317507 1.06285 
0.317536 1.06266 
0.317537 1.0628 
0.317556 1.06261 
0.317578 1.06285 
0.317588 1.06281 
0.317591 1.06282 
0.317609 1.06268 
0.317617 1.06282 
0.317656 1.06275 
0.317688 1.06257 
0.31911 1.05644 
0.319137 1.05593 
0.319556 1.07713 
0.319728 1.07752 
0.320396 1.05839 
0.320791 1.05837 
0.321903 1.08627 
0.321941 1.08626 
0.322084 1.07931 
0.322183 1.08857 
0.322256 1.08842 
0.322781 1.08724 
0.322866 1.08728 
0.323288 1.07851 
0.323966 1.12052 
0.324441 0.735345 
0.324585 1.08924 
0.32468 1.08896 
0.324755 1.089 
0.32482 1.09056 
0.324821 1.08899 
0.324833 1.08914 
0.324839 1.1055 
0.32488 1.09102 
0.324905 1.0907 
0.324958 1.0892 
0.325025 1.08917 
0.325025 1.09035 
0.325105 1.08905 
0.325191 1.08106 
0.32523 1.08099 
0.325232 1.09089 
0.325243 1.09526 
0.325244 1.09539 
0.325246 1.08871 
0.325252 1.08109 
0.32526 1.08958 
0.325277 1.09544 
0.325333 1.08893 
0.325337 1.08868 
0.325392 1.09096 
0.325393 1.08084 
0.325402 1.08959 
0.325466 1.08895 
0.325472 1.08853 
0.325472 1.08966 
0.325473 1.09369 
0.325478 1.08125 
0.325485 1.09369 
0.325496 1.09366 
0.325498 1.08851 
0.3255 1.08851 
0.325509 1.08839 
0.32551 1.09023 
0.325524 1.08853 
0.325524 1.09024 
0.325526 1.08856 
0.325526 1.09024 
0.325537 1.08852 
0.325538 1.08847 
0.325539 1.09023 
0.325556 1.08069 
0.325563 1.08847 
0.325565 1.09028 
0.325576 1.08843 
0.325582 1.08848 
0.325583 1.08855 
0.325587 1.08841 
0.325589 1.08848 
0.325592 1.08846 
0.325597 1.08942 
0.325605 1.09026 
0.325608 1.08841 
0.325611 1.08937 
0.325649 1.08845 
0.325664 1.08843 
0.325767 1.08953 
0.325901 1.08643 
0.326053 1.08642 
0.326071 1.08639 
0.32617 1.08648 
0.326655 1.08056 
0.326704 1.07966 
0.326773 1.11887 
0.326942 1.08027 
0.327043 1.08019 
0.327303 1.08034 
0.327424 1.08113 
0.327634 1.10488 
0.327859 1.1227 
0.327864 1.08807 
0.328045 1.08864 
0.32891 1.10471 
0.328979 1.08097 
0.329142 1.11806 
0.329356 1.08134 
0.329494 1.05083 
0.329579 1.11499 
0.329588 1.05082 
0.329591 1.05084 
0.329615 1.05082 
0.329618 1.0508 
0.329632 1.10453 
0.329644 1.05083 
0.329646 1.05088 
0.329647 1.05081 
0.329667 1.05078 
0.329685 1.05074 
0.329687 1.05077 
0.329697 1.05087 
0.329714 1.05068 
0.329715 1.0508 
0.329754 1.05084 
0.329782 1.05076 
0.329788 1.0507 
0.329793 1.05075 
0.329798 1.05076 
0.329821 1.05077 
0.329862 1.05077 
0.329875 1.05074 
0.329877 1.05067 
0.329893 1.05064 
0.329898 1.10421 
0.329904 1.0507 
0.329944 1.05069 
0.329974 1.05065 
0.33008 1.05065 
0.330559 1.11668 
0.330639 1.1155 
0.330674 1.08096 
0.33068 1.11394 
0.331011 1.10237 
0.331111 1.02262 
0.331203 1.11182 
0.331455 1.10118 
0.331581 1.10125 
0.331722 1.10217 
0.331907 1.10103 
0.331971 1.11668 
0.332085 1.10068 
0.332092 1.11671 
0.3325 1.11585 
0.33271 1.1003 
0.332753 1.10039 
0.33277 1.10027 
0.332799 1.1003 
0.332818 1.1001 
0.33284 1.10022 
0.332843 1.10024 
0.332851 1.1118 
0.332875 1.10018 
0.332889 1.10052 
0.332931 1.10026 
0.332957 1.10022 
0.332974 1.10004 
0.332974 1.10028 
0.333056 1.10029 
0.333069 1.10039 
0.33314 1.11182 
0.33315 1.11117 
0.333152 1.11106 
0.333176 1.11127 
0.333221 1.11112 
0.333223 1.11128 
0.333238 1.11006 
0.33324 1.09989 
0.333261 1.11122 
0.333275 1.11131 
0.333281 1.1169 
0.333341 1.11102 
0.333349 1.09984 
0.333445 1.10037 
0.333479 1.11012 
0.333492 1.08336 
0.333507 1.11023 
0.333538 1.07076 
0.33385 1.11007 
0.334539 1.09896 
0.33487 1.11073 
0.335064 1.10753 
0.335173 1.12729 
0.335344 1.12832 
0.335519 1.10994 
0.335867 1.09856 
0.336869 1.08388 
0.336946 1.09868 
0.33699 1.30884 
0.337437 1.09849 
0.337514 1.09721 
0.337663 1.05785 
0.337707 1.0928 
0.33799 1.309 
0.338219 1.05819 
0.338268 1.09617 
0.338492 1.0954 
0.338687 1.10574 
0.338895 1.12058 
0.338908 1.07264 
0.338981 1.07269 
0.339068 1.0725 
0.339073 1.07254 
0.339101 1.07258 
0.339123 1.07273 
0.340218 1.10957 
0.340705 1.11973 
0.340905 1.10622 
0.341112 1.11315 
0.341212 1.04756 
0.342278 1.05093 
0.342328 1.11832 
0.342413 1.10463 
0.34263 1.11806 
0.342776 0.900064 
0.342857 1.07408 
0.343017 1.0775 
0.343026 1.07762 
0.343061 1.07727 
0.343063 1.07754 
0.343091 1.11702 
0.343096 1.07739 
0.34313 1.11775 
0.343259 1.0775 
0.343466 1.07705 
0.343484 1.11705 
0.343496 1.07736 
0.34352 1.07736 
0.343546 1.07357 
0.343566 1.11319 
0.34357 1.07721 
0.343588 1.07656 
0.343627 1.07744 
0.343662 0.899578 
0.343671 1.07713 
0.343716 1.07721 
0.343718 1.0771 
0.343776 1.07684 
0.343812 1.07721 
0.343829 1.07655 
0.343896 1.0769 
0.343899 1.07649 
0.34394 1.07723 
0.343998 1.07714 
0.344055 1.07725 
0.34407 1.05182 
0.344083 1.08548 
0.344126 1.0772 
0.344169 1.0774 
0.344259 1.07702 
0.344287 1.0773 
0.344379 1.11583 
0.344394 1.04504 
0.344459 1.07692 
0.344663 1.10387 
0.344853 1.13201 
0.344898 1.08106 
0.345088 1.11569 
0.345095 1.05206 
0.345441 1.15672 
0.345471 1.05158 
0.345523 1.11317 
0.345534 1.11336 
0.345585 1.1134 
0.345837 1.16385 
0.345849 1.11765 
0.34594 1.0782 
0.345974 1.08201 
0.34614 1.07704 
0.346222 1.06836 
0.346997 1.11293 
0.347198 1.10078 
0.347249 0.938763 
0.347259 1.10385 
0.347426 1.11281 
0.347482 1.15456 
0.347524 1.11293 
0.347717 0.938492 
0.347915 1.11276 
0.348028 1.11266 
0.348108 1.11284 
0.348117 1.11271 
0.3482 1.0786 
0.34831 1.11324 
0.348407 1.15112 
0.348523 1.15308 
0.348655 0.866495 
0.348906 1.11389 
0.348951 1.0784 
0.349039 1.11311 
0.349304 1.115 
0.349604 1.11481 
0.349645 1.11522 
0.349711 1.10982 
0.34972 1.11491 
0.349759 0.861949 
0.349852 1.11514 
0.350011 1.11007 
0.350139 1.11495 
0.35018 1.15034 
0.350189 0.861597 
0.350318 1.11457 
0.350342 1.11287 
0.350351 1.16192 
0.350364 1.11274 
0.350405 1.11273 
0.350406 1.11284 
0.350701 1.07763 
0.350709 0.861632 
0.350711 0.862065 
0.350792 1.10918 
0.350849 1.10933 
0.351103 0.862046 
0.351186 1.07852 
0.351246 0.863501 
0.351248 0.862864 
0.351434 1.14607 
0.351458 1.15365 
0.351489 0.918974 
0.351606 1.11167 
0.351728 1.11096 
0.35193 1.08651 
0.352047 1.15706 
0.352227 1.10434 
0.352709 0.887434 
0.352781 1.10638 
0.352965 1.07832 
0.353101 1.07833 
0.35322 1.15141 
0.35326 1.14828 
0.353359 1.11719 
0.353575 1.14324 
0.353776 1.16009 
0.354066 1.24572 
0.354606 1.24321 
0.354608 0.872506 
0.35501 1.14547 
0.355345 0.919354 
0.355416 1.14545 
0.355631 1.14554 
0.356198 1.02092 
0.356528 1.14712 
0.356835 1.02123 
0.356875 1.099 
0.357163 1.1464 
0.357488 0.88804 
0.357594 1.14627 
0.358141 1.14831 
0.35865 1.14718 
0.358785 1.14758 
0.35881 1.14701 
0.359162 1.14726 
0.359169 1.14696 
0.359341 1.11785 
0.360198 1.15082 
0.360354 1.02721 
0.360996 1.15221 
0.361385 0.922492 
0.361485 0.922725 
0.361531 1.02638 
0.361575 1.15031 
0.361583 1.09188 
0.361807 1.1455 
0.361845 1.15135 
0.362113 1.15105 
0.362306 1.15475 
0.362537 1.14665 
0.36255 1.14562 
0.363063 1.15118 
0.363667 1.1472 
0.3642 1.14409 
0.364283 1.14203 
0.3644 1.14373 
0.364464 1.09509 
0.365612 1.14069 
0.365736 1.10825 
0.365781 1.14571 
0.36595 1.10265 
0.366032 1.15886 
0.36621 1.08991 
0.366322 1.11868 
0.366937 1.14687 
0.36853 1.14301 
0.370256 1.11691 
0.37053 1.0917 
0.371013 1.08774 
0.372481 1.13058 
0.372684 1.07815 
0.373941 1.17218 
0.374308 1.0826 
0.375871 1.09008 
0.379753 1.12445 
0.380048 1.18323 
0.380452 1.11465 
0.380621 1.08929 
0.380804 0.787305 
0.383659 1.14999 
0.384182 1.07989 
0.384734 1.08689 
0.384979 1.18976 
0.385616 1.11292 
0.386816 1.00998 
0.388401 1.08688 
0.388752 1.07382 
0.388893 0.936295 
0.389993 0.933083 
0.390049 0.755912 
0.390987 1.01356 
0.392166 1.08587 
0.395565 1.20104 
0.395793 1.00037 
0.396159 1.13348 
0.397268 1.06817 
0.397964 1.12283 
0.398361 1.05279 
0.398846 1.11635 
0.400939 1.12607 
0.402668 1.05519 
0.409347 1.03916 
0.411146 1.13415 
0.414724 1.0819 
0.414762 1.07992 
0.414925 1.07932 
0.415243 1.08251 
0.415268 1.08013 
0.415498 1.08111 
0.415708 1.03941 
0.417087 1.02629 
0.417328 1.03684 
0.418053 1.16864 
0.4182 1.12631 
0.420135 1.0303 
0.421402 1.13899 
0.425235 0.943273 
0.42705 1.03224 
0.428723 1.06514 
0.428884 1.06495 
0.429292 1.06617 
0.429326 1.06621 
0.429449 1.0668 
0.42957 1.0659 
0.429632 1.0663 
0.429669 1.06666 
0.429679 1.0657 
0.429816 1.06671 
0.429891 1.14441 
0.432139 1.17868 
0.432422 1.00711 
0.434059 1.02847 
0.441349 1.14582 
0.443006 0.585559 
0.443572 0.980571 
0.446729 1.14583 
0.448408 0.998617 
0.448687 0.991159 
0.450151 0.859807 
0.460207 0.871486 
0.46917 1.0491 
0.470057 1.11664 
0.473162 0.596485 
0.474891 1.18779 
0.476759 1.12271 
0.482893 0.472878 
0.484709 0.469427 
0.485422 0.47223 
0.485819 0.474842 
0.486722 1.16574 
0.486722 1.16574 
0.487492 1.16447 
0.487572 1.16429 
0.487761 0.471683 
0.48801 1.16431 
0.488404 0.467724 
0.488583 1.16299 
0.488974 0.473621 
0.490324 1.0585 
0.494754 0.967945 
0.511698 1.09055 
0.512138 1.15019 
0.512592 1.15008 
0.512881 1.15173 
0.513347 1.1519 
0.513602 1.15192 
0.513733 1.15282 
0.514065 1.15155 
0.5141 1.15055 
0.514137 1.15269 
0.514775 1.15164 
0.517528 0.754317 
0.524968 1.0953 
0.543267 0.792724 
0.546591 0.793101 
0.549037 0.792343 
0.549815 0.79889 
0.550216 0.799038 
0.550559 0.798534 
0.552224 1.04973 
0.555193 1.0932 
0.556579 1.10895 
0.564547 1.11481 
0.59037 1.12827 
0.596525 0.92658 
0.621312 0.878105 
0.63598 1.10294 
0.682083 1.10783 
0.715344 1.02626 
0.726867 0.758148 
0.759832 0.767108 
0.760438 0.767535 
0.760838 0.766438 
0.816576 1.06839 
0.816671 1.09081 
0.817775 1.09755 
0.820567 1.0723 
0.837288 0 
0.894028 0.041564 
0.904441 0.325591 
0.928702 0.0705297 
0.989394 0.377139 
1 0.391074 
