0 0.723221 
0.0351892 0.441729 
0.0401185 0.619319 
0.0548531 0.475971 
0.172773 0.621324 
0.195764 0.172186 
0.205317 0.688486 
0.208942 0.413692 
0.24859 0.879631 
0.345589 0.833099 
0.376643 0.798866 
0.380169 0.66734 
0.380876 0.797481 
0.381813 0.695269 
0.382733 0.662172 
0.397045 0.89107 
0.401099 0.729051 
0.407221 0.670916 
0.407404 0.672397 
0.416281 0.687653 
0.420627 0.695449 
0.421426 0.708243 
0.421539 0.718001 
0.422511 0.641347 
0.422928 0.709892 
0.427753 0.713513 
0.433952 0.803938 
0.436346 0.700353 
0.443983 0.671106 
0.446319 0.713901 
0.447199 0.717453 
0.450939 0.803491 
0.458696 0.67175 
0.461828 0.797049 
0.462424 0.793289 
0.462517 0.804137 
0.462588 0.803664 
0.463174 0.798506 
0.463586 0.797918 
0.46365 0.797866 
0.463665 0.797968 
0.463685 0.797782 
0.465466 0.796572 
0.467125 0.800156 
0.469955 0.700801 
0.469999 0.700882 
0.472151 0.706157 
0.472631 0.708599 
0.475905 0.805444 
0.476601 0.794847 
0.480108 0.526099 
0.484237 0.527355 
0.489842 0.785978 
0.500896 0.378013 
0.503541 0.781165 
0.504502 0.671018 
0.504589 0.67091 
0.505081 0.768876 
0.506473 0.672905 
0.507478 0.691282 
0.508671 0.689086 
0.514961 0.768251 
0.526288 0.335654 
0.529151 0.76009 
0.536489 0.753549 
0.539506 0.767119 
0.566238 0.445733 
0.598717 0.463778 
0.602364 0.637944 
0.616952 0.691482 
0.622835 0.634709 
0.627131 0.831719 
0.627371 0.831638 
0.629595 0.828339 
0.6512 0.663633 
0.657169 0.816278 
0.657309 0.816281 
0.657319 0.816357 
0.657769 0.81686 
0.674903 0.00877366 
0.675979 0.00195461 
0.675994 0.00208935 
0.676187 0.00243299 
0.678453 0.0104832 
0.678837 0.0121264 
0.685028 0.729175 
0.694 0.396804 
0.703668 0.722209 
0.709985 0.579561 
0.71277 0.400395 
0.735377 0.723768 
0.910853 0.723222 
0.99959 0.542382 
